# Values shown are for the Exit End of each Element:
# Index  name    key                      s       l         s               L        gradient         voltage            phi0              rf
#                                                                                                                                   frequency
     45  L0A___1 Lcavity              1.518   0.059  1.517646  5.86460000E-02  1.87418797E+07  1.09913628E+06 -3.05555556E-03  2.85600000E+09
     47  L0A___2 Lcavity              1.717   0.199  1.717000  1.99354000E-01  1.87418797E+07  3.73626868E+06 -3.05555556E-03  2.85600000E+09
     49  L0A___3 Lcavity              2.366   0.649  2.366320  6.49319800E-01  1.87418797E+07  1.21694736E+07 -3.05555556E-03  2.85600000E+09
     52  L0A___4 Lcavity              3.007   0.640  3.006622  6.40302200E-01  1.87418797E+07  1.20004668E+07 -3.05555556E-03  2.85600000E+09
     54  L0A___5 Lcavity              4.158   1.152  4.158468  1.15184640E+00  1.87418797E+07  2.15877667E+07 -3.05555556E-03  2.85600000E+09
     57  L0A___6 Lcavity              4.493   0.335  4.493325  3.34856600E-01  1.87418797E+07  6.27584211E+06 -3.05555556E-03  2.85600000E+09
     59  L0A___7 Lcavity              4.554   0.061  4.554244  6.09190000E-02  1.87418797E+07  1.14173657E+06 -3.05555556E-03  2.85600000E+09
     76  L0B___1 Lcavity              5.362   0.059  5.361844  5.86460000E-02  2.29426458E+07  1.34549441E+06 -3.05555556E-03  2.85600000E+09
     78  L0B___2 Lcavity              5.699   0.337  5.698972  3.37128100E-01  2.29426458E+07  7.73461060E+06 -3.05555556E-03  2.85600000E+09
     81  L0B___3 Lcavity              6.851   1.152  6.850820  1.15184790E+00  2.29426458E+07  2.64264384E+07 -3.05555556E-03  2.85600000E+09
     83  L0B___4 Lcavity              8.002   1.152  8.002383  1.15156300E+00  2.29426458E+07  2.64199021E+07 -3.05555556E-03  2.85600000E+09
     86  L0B___5 Lcavity              8.338   0.335  8.337523  3.35140000E-01  2.29426458E+07  7.68899832E+06 -3.05555556E-03  2.85600000E+09
     88  L0B___6 Lcavity              8.398   0.061  8.398442  6.09190000E-02  2.29426458E+07  1.39764304E+06 -3.05555556E-03  2.85600000E+09
    127  TCAV0#1 Lcavity             11.147   0.334 11.147493  3.34011800E-01  0.00000000E+00  0.00000000E+00  0.00000000E+00  0.00000000E+00
    130  TCAV0#2 Lcavity             11.482   0.334 11.481505  3.34011800E-01  0.00000000E+00  0.00000000E+00  0.00000000E+00  0.00000000E+00
    216  K21_1B1 Lcavity             20.787   0.453 20.786650  4.53432000E-01  1.58223754E+07  7.17437134E+06 -5.97222222E-02  2.85600000E+09
    219  K21_1B2 Lcavity             23.202   2.416 23.202418  2.41576800E+00  1.58223754E+07  3.82231883E+07 -5.97222222E-02  2.85600000E+09
    225  K21_1C1 Lcavity             23.831   0.453 23.830764  4.53445800E-01  1.11881090E+07  5.07320102E+06 -5.97222222E-02  2.85600000E+09
    228  K21_1C2 Lcavity             26.247   2.416 26.246518  2.41575420E+00  1.11881090E+07  2.70277212E+07 -5.97222222E-02  2.85600000E+09
    234  K21_1D1 Lcavity             26.791   0.369 26.790753  3.69334800E-01  1.11881090E+07  4.13215799E+06 -5.97222222E-02  2.85600000E+09
    237  K21_1D2 Lcavity             28.798   2.007 28.797991  2.00723820E+00  1.11881090E+07  2.24571997E+07 -5.97222222E-02  2.85600000E+09
    239  K21_1D3 Lcavity             29.086   0.288 29.085563  2.87571600E-01  1.11881090E+07  3.21738240E+06 -5.97222222E-02  2.85600000E+09
    241  K21_1D4 Lcavity             29.466   0.380 29.465518  3.79955400E-01  1.11881090E+07  4.25098242E+06 -5.97222222E-02  2.85600000E+09
    248  L1X___1 Lcavity             30.056   0.297 30.056287  2.97400000E-01  3.36247478E+07  1.00000000E+07 -4.44444444E-01  1.14240000E+10
    251  L1X___2 Lcavity             30.354   0.297 30.353687  2.97400000E-01  3.36247478E+07  1.00000000E+07 -4.44444444E-01  1.14240000E+10
    344  K21_3B1 Lcavity             45.321   0.267 45.320774  2.67200000E-01  2.39021402E+07  6.38665187E+06 -9.30555556E-02  2.85600000E+09
    345  K21_3B2 Lcavity             48.098   2.777 48.097674  2.77690000E+00  2.39021402E+07  6.63738533E+07 -9.30555556E-02  2.85600000E+09
    346  K21_3C  Lcavity             51.142   3.044 51.141774  3.04410000E+00  1.69013655E+07  5.14494466E+07 -9.30555556E-02  2.85600000E+09
    347  K21_3D  Lcavity             54.186   3.044 54.185874  3.04410000E+00  1.69013655E+07  5.14494466E+07 -9.30555556E-02  2.85600000E+09
    353  K21_4A1 Lcavity             54.681   0.327 54.680674  3.26800000E-01  1.69013655E+07  5.52336623E+06 -9.30555556E-02  2.85600000E+09
    355  K21_4A2 Lcavity             55.051   0.371 55.051374  3.70700000E-01  1.69013655E+07  6.26533617E+06 -9.30555556E-02  2.85600000E+09
    357  K21_4A3 Lcavity             57.398   2.347 57.397974  2.34660000E+00  1.69013655E+07  3.96607442E+07 -9.30555556E-02  2.85600000E+09
    358  K21_4B  Lcavity             60.442   3.044 60.442074  3.04410000E+00  1.69013655E+07  5.14494466E+07 -9.30555556E-02  2.85600000E+09
    359  K21_4C  Lcavity             63.486   3.044 63.486174  3.04410000E+00  1.69013655E+07  5.14494466E+07 -9.30555556E-02  2.85600000E+09
    360  K21_4D  Lcavity             66.530   3.044 66.530274  3.04410000E+00  1.69013655E+07  5.14494466E+07 -9.30555556E-02  2.85600000E+09
    366  K21_5A1 Lcavity             67.031   0.332 67.030674  3.32400000E-01  1.69013655E+07  5.61801388E+06 -9.30555556E-02  2.85600000E+09
    368  K21_5A2 Lcavity             67.408   0.378 67.408474  3.77800000E-01  1.69013655E+07  6.38533587E+06 -9.30555556E-02  2.85600000E+09
    370  K21_5A3 Lcavity             69.742   2.334 69.742374  2.33390000E+00  1.69013655E+07  3.94460968E+07 -9.30555556E-02  2.85600000E+09
    371  K21_5B  Lcavity             72.786   3.044 72.786474  3.04410000E+00  1.69013655E+07  5.14494466E+07 -9.30555556E-02  2.85600000E+09
    372  K21_5C  Lcavity             75.831   3.044 75.830574  3.04410000E+00  1.69013655E+07  5.14494466E+07 -9.30555556E-02  2.85600000E+09
    373  K21_5D  Lcavity             78.875   3.044 78.874674  3.04410000E+00  1.69013655E+07  5.14494466E+07 -9.30555556E-02  2.85600000E+09
    379  K21_6A1 Lcavity             79.371   0.328 79.370674  3.28000000E-01  1.69013655E+07  5.54364787E+06 -9.30555556E-02  2.85600000E+09
    381  K21_6A2 Lcavity             79.759   0.389 79.759174  3.88500000E-01  1.69013655E+07  6.56618048E+06 -9.30555556E-02  2.85600000E+09
    383  K21_6A3 Lcavity             82.087   2.328 82.086774  2.32760000E+00  1.69013655E+07  3.93396182E+07 -9.30555556E-02  2.85600000E+09
    384  K21_6B  Lcavity             85.131   3.044 85.130874  3.04410000E+00  1.69013655E+07  5.14494466E+07 -9.30555556E-02  2.85600000E+09
    385  K21_6C  Lcavity             88.175   3.044 88.174974  3.04410000E+00  1.69013655E+07  5.14494466E+07 -9.30555556E-02  2.85600000E+09
    386  K21_6D  Lcavity             91.219   3.044 91.219074  3.04410000E+00  1.69013655E+07  5.14494466E+07 -9.30555556E-02  2.85600000E+09
    392  K21_7A1 Lcavity             91.721   0.334 91.720674  3.33600000E-01  1.69013655E+07  5.63829552E+06 -9.30555556E-02  2.85600000E+09
    394  K21_7A2 Lcavity             91.971   0.250 91.970674  2.50000000E-01  1.69013655E+07  4.22534136E+06 -9.30555556E-02  2.85600000E+09
    396  K21_7A3 Lcavity             94.431   2.461 94.431174  2.46050000E+00  1.69013655E+07  4.15858097E+07 -9.30555556E-02  2.85600000E+09
    397  K21_7B  Lcavity             97.475   3.044 97.475274  3.04410000E+00  1.69013655E+07  5.14494466E+07 -9.30555556E-02  2.85600000E+09
    398  K21_7C  Lcavity            100.519   3.044 100.51937  3.04410000E+00  1.69013655E+07  5.14494466E+07 -9.30555556E-02  2.85600000E+09
    399  K21_7D  Lcavity            103.563   3.044 103.56347  3.04410000E+00  1.69013655E+07  5.14494466E+07 -9.30555556E-02  2.85600000E+09
    405  K21_8A1 Lcavity            104.061   0.329 104.06067  3.29200000E-01  1.69013655E+07  5.56392951E+06 -9.30555556E-02  2.85600000E+09
    407  K21_8A2 Lcavity            104.311   0.250 104.31067  2.50000000E-01  1.69013655E+07  4.22534136E+06 -9.30555556E-02  2.85600000E+09
    409  K21_8A3 Lcavity            106.776   2.465 106.77557  2.46490000E+00  1.69013655E+07  4.16601757E+07 -9.30555556E-02  2.85600000E+09
    410  K21_8B  Lcavity            109.820   3.044 109.81967  3.04410000E+00  1.69013655E+07  5.14494466E+07 -9.30555556E-02  2.85600000E+09
    411  K21_8C  Lcavity            112.864   3.044 112.86377  3.04410000E+00  1.69013655E+07  5.14494466E+07 -9.30555556E-02  2.85600000E+09
    412  K21_8D1 Lcavity            115.251   2.387 115.25067  2.38690000E+00  1.69013655E+07  4.03418692E+07 -9.30555556E-02  2.85600000E+09
    414  K21_8D2 Lcavity            115.501   0.250 115.50067  2.50000000E-01  1.69013655E+07  4.22534136E+06 -9.30555556E-02  2.85600000E+09
    416  K21_8D3 Lcavity            115.908   0.407 115.90787  4.07200000E-01  1.69013655E+07  6.88223601E+06 -9.30555556E-02  2.85600000E+09
    425  K22_1A  Lcavity            121.965   3.044 121.96477  3.04410000E+00  1.69013655E+07  5.14494466E+07 -9.30555556E-02  2.85600000E+09
    426  K22_1B  Lcavity            125.009   3.044 125.00887  3.04410000E+00  1.69013655E+07  5.14494466E+07 -9.30555556E-02  2.85600000E+09
    427  K22_1C  Lcavity            128.053   3.044 128.05297  3.04410000E+00  1.69013655E+07  5.14494466E+07 -9.30555556E-02  2.85600000E+09
    428  K22_1D  Lcavity            131.097   3.044 131.09707  3.04410000E+00  1.69013655E+07  5.14494466E+07 -9.30555556E-02  2.85600000E+09
    434  K22_2A1 Lcavity            131.591   0.326 131.59067  3.25600000E-01  1.69013655E+07  5.50308459E+06 -9.30555556E-02  2.85600000E+09
    436  K22_2A2 Lcavity            131.969   0.378 131.96887  3.78200000E-01  1.69013655E+07  6.39209642E+06 -9.30555556E-02  2.85600000E+09
    438  K22_2A3 Lcavity            134.309   2.340 134.30917  2.34030000E+00  1.69013655E+07  3.95542656E+07 -9.30555556E-02  2.85600000E+09
    439  K22_2B  Lcavity            137.353   3.044 137.35327  3.04410000E+00  1.69013655E+07  5.14494466E+07 -9.30555556E-02  2.85600000E+09
    440  K22_2C  Lcavity            140.397   3.044 140.39737  3.04410000E+00  1.69013655E+07  5.14494466E+07 -9.30555556E-02  2.85600000E+09
    441  K22_2D  Lcavity            143.441   3.044 143.44147  3.04410000E+00  1.69013655E+07  5.14494466E+07 -9.30555556E-02  2.85600000E+09
    447  K22_3A1 Lcavity            143.941   0.331 143.94067  3.31200000E-01  1.69013655E+07  5.59773224E+06 -9.30555556E-02  2.85600000E+09
    449  K22_3A2 Lcavity            144.191   0.250 144.19067  2.50000000E-01  1.69013655E+07  4.22534136E+06 -9.30555556E-02  2.85600000E+09
    451  K22_3A3 Lcavity            146.654   2.463 146.65357  2.46290000E+00  1.69013655E+07  4.16263730E+07 -9.30555556E-02  2.85600000E+09
    452  K22_3B  Lcavity            149.698   3.044 149.69767  3.04410000E+00  1.69013655E+07  5.14494466E+07 -9.30555556E-02  2.85600000E+09
    453  K22_3C  Lcavity            152.742   3.044 152.74177  3.04410000E+00  1.69013655E+07  5.14494466E+07 -9.30555556E-02  2.85600000E+09
    454  K22_3D  Lcavity            155.786   3.044 155.78587  3.04410000E+00  1.69013655E+07  5.14494466E+07 -9.30555556E-02  2.85600000E+09
    460  K22_4A1 Lcavity            156.281   0.327 156.28067  3.26800000E-01  1.69013655E+07  5.52336623E+06 -9.30555556E-02  2.85600000E+09
    462  K22_4A2 Lcavity            156.531   0.250 156.53067  2.50000000E-01  1.69013655E+07  4.22534136E+06 -9.30555556E-02  2.85600000E+09
    464  K22_4A3 Lcavity            158.998   2.467 158.99797  2.46730000E+00  1.69013655E+07  4.17007390E+07 -9.30555556E-02  2.85600000E+09
    465  K22_4B  Lcavity            162.042   3.044 162.04207  3.04410000E+00  1.69013655E+07  5.14494466E+07 -9.30555556E-02  2.85600000E+09
    466  K22_4C  Lcavity            165.086   3.044 165.08617  3.04410000E+00  1.69013655E+07  5.14494466E+07 -9.30555556E-02  2.85600000E+09
    467  K22_4D  Lcavity            168.130   3.044 168.13027  3.04410000E+00  1.69013655E+07  5.14494466E+07 -9.30555556E-02  2.85600000E+09
    473  K22_5A1 Lcavity            168.631   0.332 168.63067  3.32400000E-01  1.69013655E+07  5.61801388E+06 -9.30555556E-02  2.85600000E+09
    475  K22_5A2 Lcavity            168.881   0.250 168.88067  2.50000000E-01  1.69013655E+07  4.22534136E+06 -9.30555556E-02  2.85600000E+09
    477  K22_5A3 Lcavity            171.342   2.462 171.34237  2.46170000E+00  1.69013655E+07  4.16060913E+07 -9.30555556E-02  2.85600000E+09
    478  K22_5B  Lcavity            174.386   3.044 174.38647  3.04410000E+00  1.69013655E+07  5.14494466E+07 -9.30555556E-02  2.85600000E+09
    479  K22_5C  Lcavity            177.431   3.044 177.43057  3.04410000E+00  1.69013655E+07  5.14494466E+07 -9.30555556E-02  2.85600000E+09
    480  K22_5D  Lcavity            180.475   3.044 180.47467  3.04410000E+00  1.69013655E+07  5.14494466E+07 -9.30555556E-02  2.85600000E+09
    486  K22_6A1 Lcavity            180.971   0.328 180.97067  3.28000000E-01  1.69013655E+07  5.54364787E+06 -9.30555556E-02  2.85600000E+09
    488  K22_6A2 Lcavity            181.350   0.379 181.34967  3.79000000E-01  1.69013655E+07  6.40561751E+06 -9.30555556E-02  2.85600000E+09
    490  K22_6A3 Lcavity            183.687   2.337 183.68677  2.33710000E+00  1.69013655E+07  3.95001812E+07 -9.30555556E-02  2.85600000E+09
    491  K22_6B  Lcavity            186.731   3.044 186.73087  3.04410000E+00  1.69013655E+07  5.14494466E+07 -9.30555556E-02  2.85600000E+09
    492  K22_6C  Lcavity            189.775   3.044 189.77497  3.04410000E+00  1.69013655E+07  5.14494466E+07 -9.30555556E-02  2.85600000E+09
    493  K22_6D  Lcavity            192.819   3.044 192.81907  3.04410000E+00  1.69013655E+07  5.14494466E+07 -9.30555556E-02  2.85600000E+09
    499  K22_7A1 Lcavity            193.321   0.334 193.32067  3.33600000E-01  1.69013655E+07  5.63829552E+06 -9.30555556E-02  2.85600000E+09
    501  K22_7A2 Lcavity            193.704   0.383 193.70357  3.82900000E-01  1.69013655E+07  6.47153283E+06 -9.30555556E-02  2.85600000E+09
    503  K22_7A3 Lcavity            196.031   2.328 196.03117  2.32760000E+00  1.69013655E+07  3.93396182E+07 -9.30555556E-02  2.85600000E+09
    504  K22_7B  Lcavity            199.075   3.044 199.07527  3.04410000E+00  1.69013655E+07  5.14494466E+07 -9.30555556E-02  2.85600000E+09
    505  K22_7C  Lcavity            202.119   3.044 202.11937  3.04410000E+00  1.69013655E+07  5.14494466E+07 -9.30555556E-02  2.85600000E+09
    506  K22_7D  Lcavity            205.163   3.044 205.16347  3.04410000E+00  1.69013655E+07  5.14494466E+07 -9.30555556E-02  2.85600000E+09
    512  K22_8A1 Lcavity            205.661   0.329 205.66067  3.29200000E-01  1.69013655E+07  5.56392951E+06 -9.30555556E-02  2.85600000E+09
    514  K22_8A2 Lcavity            206.058   0.397 206.05757  3.96900000E-01  1.69013655E+07  6.70815195E+06 -9.30555556E-02  2.85600000E+09
    516  K22_8A3 Lcavity            208.376   2.318 208.37557  2.31800000E+00  1.69013655E+07  3.91773651E+07 -9.30555556E-02  2.85600000E+09
    517  K22_8B  Lcavity            211.420   3.044 211.41967  3.04410000E+00  1.69013655E+07  5.14494466E+07 -9.30555556E-02  2.85600000E+09
    518  K22_8C  Lcavity            214.464   3.044 214.46377  3.04410000E+00  1.69013655E+07  5.14494466E+07 -9.30555556E-02  2.85600000E+09
    519  K22_8D1 Lcavity            216.851   2.387 216.85067  2.38690000E+00  1.69013655E+07  4.03418692E+07 -9.30555556E-02  2.85600000E+09
    521  K22_8D2 Lcavity            217.101   0.250 217.10067  2.50000000E-01  1.69013655E+07  4.22534136E+06 -9.30555556E-02  2.85600000E+09
    523  K22_8D3 Lcavity            217.508   0.407 217.50787  4.07200000E-01  1.69013655E+07  6.88223601E+06 -9.30555556E-02  2.85600000E+09
    532  K23_1A  Lcavity            223.565   3.044 223.56477  3.04410000E+00  1.69013655E+07  5.14494466E+07 -9.30555556E-02  2.85600000E+09
    533  K23_1B  Lcavity            226.609   3.044 226.60887  3.04410000E+00  1.69013655E+07  5.14494466E+07 -9.30555556E-02  2.85600000E+09
    534  K23_1C  Lcavity            229.653   3.044 229.65297  3.04410000E+00  1.69013655E+07  5.14494466E+07 -9.30555556E-02  2.85600000E+09
    535  K23_1D  Lcavity            232.697   3.044 232.69707  3.04410000E+00  1.69013655E+07  5.14494466E+07 -9.30555556E-02  2.85600000E+09
    541  K23_2A1 Lcavity            233.191   0.326 233.19067  3.25600000E-01  1.69013655E+07  5.50308459E+06 -9.30555556E-02  2.85600000E+09
    543  K23_2A2 Lcavity            233.441   0.250 233.44067  2.50000000E-01  1.69013655E+07  4.22534136E+06 -9.30555556E-02  2.85600000E+09
    545  K23_2A3 Lcavity            235.909   2.469 235.90917  2.46850000E+00  1.69013655E+07  4.17210206E+07 -9.30555556E-02  2.85600000E+09
    546  K23_2B  Lcavity            238.953   3.044 238.95327  3.04410000E+00  1.69013655E+07  5.14494466E+07 -9.30555556E-02  2.85600000E+09
    547  K23_2C  Lcavity            241.997   3.044 241.99737  3.04410000E+00  1.69013655E+07  5.14494466E+07 -9.30555556E-02  2.85600000E+09
    548  K23_2D  Lcavity            245.041   3.044 245.04147  3.04410000E+00  1.69013655E+07  5.14494466E+07 -9.30555556E-02  2.85600000E+09
    554  K23_3A1 Lcavity            245.541   0.331 245.54067  3.31200000E-01  1.69013655E+07  5.59773224E+06 -9.30555556E-02  2.85600000E+09
    556  K23_3A2 Lcavity            245.913   0.373 245.91327  3.72600000E-01  1.69013655E+07  6.29744877E+06 -9.30555556E-02  2.85600000E+09
    558  K23_3A3 Lcavity            248.254   2.340 248.25357  2.34030000E+00  1.69013655E+07  3.95542656E+07 -9.30555556E-02  2.85600000E+09
    559  K23_3B  Lcavity            251.298   3.044 251.29767  3.04410000E+00  1.69013655E+07  5.14494466E+07 -9.30555556E-02  2.85600000E+09
    560  K23_3C  Lcavity            254.342   3.044 254.34177  3.04410000E+00  1.69013655E+07  5.14494466E+07 -9.30555556E-02  2.85600000E+09
    561  K23_3D  Lcavity            257.386   3.044 257.38587  3.04410000E+00  1.69013655E+07  5.14494466E+07 -9.30555556E-02  2.85600000E+09
    567  K23_4A1 Lcavity            257.881   0.327 257.88067  3.26800000E-01  1.69013655E+07  5.52336623E+06 -9.30555556E-02  2.85600000E+09
    569  K23_4A2 Lcavity            258.258   0.377 258.25767  3.77000000E-01  1.69013655E+07  6.37181478E+06 -9.30555556E-02  2.85600000E+09
    571  K23_4A3 Lcavity            260.598   2.340 260.59797  2.34030000E+00  1.69013655E+07  3.95542656E+07 -9.30555556E-02  2.85600000E+09
    572  K23_4B  Lcavity            263.642   3.044 263.64207  3.04410000E+00  1.69013655E+07  5.14494466E+07 -9.30555556E-02  2.85600000E+09
    573  K23_4C  Lcavity            266.686   3.044 266.68617  3.04410000E+00  1.69013655E+07  5.14494466E+07 -9.30555556E-02  2.85600000E+09
    574  K23_4D  Lcavity            269.730   3.044 269.73027  3.04410000E+00  1.69013655E+07  5.14494466E+07 -9.30555556E-02  2.85600000E+09
    580  K23_5A1 Lcavity            270.231   0.332 270.23067  3.32400000E-01  1.69013655E+07  5.61801388E+06 -9.30555556E-02  2.85600000E+09
    582  K23_5A2 Lcavity            270.481   0.250 270.48067  2.50000000E-01  1.69013655E+07  4.22534136E+06 -9.30555556E-02  2.85600000E+09
    584  K23_5A3 Lcavity            272.942   2.462 272.94237  2.46170000E+00  1.69013655E+07  4.16060913E+07 -9.30555556E-02  2.85600000E+09
    585  K23_5B  Lcavity            275.986   3.044 275.98647  3.04410000E+00  1.69013655E+07  5.14494466E+07 -9.30555556E-02  2.85600000E+09
    586  K23_5C  Lcavity            279.031   3.044 279.03057  3.04410000E+00  1.69013655E+07  5.14494466E+07 -9.30555556E-02  2.85600000E+09
    587  K23_5D  Lcavity            282.075   3.044 282.07467  3.04410000E+00  1.69013655E+07  5.14494466E+07 -9.30555556E-02  2.85600000E+09
    593  K23_6A1 Lcavity            282.571   0.328 282.57067  3.28000000E-01  1.69013655E+07  5.54364787E+06 -9.30555556E-02  2.85600000E+09
    595  K23_6A2 Lcavity            282.821   0.250 282.82067  2.50000000E-01  1.69013655E+07  4.22534136E+06 -9.30555556E-02  2.85600000E+09
    597  K23_6A3 Lcavity            285.287   2.466 285.28677  2.46610000E+00  1.69013655E+07  4.16804573E+07 -9.30555556E-02  2.85600000E+09
    598  K23_6B  Lcavity            288.331   3.044 288.33087  3.04410000E+00  1.69013655E+07  5.14494466E+07 -9.30555556E-02  2.85600000E+09
    599  K23_6C  Lcavity            291.375   3.044 291.37497  3.04410000E+00  1.69013655E+07  5.14494466E+07 -9.30555556E-02  2.85600000E+09
    600  K23_6D  Lcavity            294.419   3.044 294.41907  3.04410000E+00  1.69013655E+07  5.14494466E+07 -9.30555556E-02  2.85600000E+09
    606  K23_7A1 Lcavity            294.921   0.334 294.92067  3.33600000E-01  1.69013655E+07  5.63829552E+06 -9.30555556E-02  2.85600000E+09
    608  K23_7A2 Lcavity            295.288   0.367 295.28777  3.67100000E-01  1.69013655E+07  6.20449126E+06 -9.30555556E-02  2.85600000E+09
    610  K23_7A3 Lcavity            297.631   2.343 297.63117  2.34340000E+00  1.69013655E+07  3.96066598E+07 -9.30555556E-02  2.85600000E+09
    611  K23_7B  Lcavity            300.675   3.044 300.67527  3.04410000E+00  1.69013655E+07  5.14494466E+07 -9.30555556E-02  2.85600000E+09
    612  K23_7C  Lcavity            303.719   3.044 303.71937  3.04410000E+00  1.69013655E+07  5.14494466E+07 -9.30555556E-02  2.85600000E+09
    613  K23_7D  Lcavity            306.763   3.044 306.76347  3.04410000E+00  1.69013655E+07  5.14494466E+07 -9.30555556E-02  2.85600000E+09
    619  K23_8A1 Lcavity            307.261   0.329 307.26067  3.29200000E-01  1.69013655E+07  5.56392951E+06 -9.30555556E-02  2.85600000E+09
    621  K23_8A2 Lcavity            307.667   0.406 307.66707  4.06400000E-01  1.69013655E+07  6.86871492E+06 -9.30555556E-02  2.85600000E+09
    623  K23_8A3 Lcavity            309.976   2.308 309.97557  2.30850000E+00  1.69013655E+07  3.90168022E+07 -9.30555556E-02  2.85600000E+09
    624  K23_8B  Lcavity            313.020   3.044 313.01967  3.04410000E+00  1.69013655E+07  5.14494466E+07 -9.30555556E-02  2.85600000E+09
    625  K23_8C  Lcavity            316.064   3.044 316.06377  3.04410000E+00  1.69013655E+07  5.14494466E+07 -9.30555556E-02  2.85600000E+09
    626  K23_8D1 Lcavity            318.451   2.387 318.45067  2.38690000E+00  1.69013655E+07  4.03418692E+07 -9.30555556E-02  2.85600000E+09
    628  K23_8D2 Lcavity            318.701   0.250 318.70067  2.50000000E-01  1.69013655E+07  4.22534136E+06 -9.30555556E-02  2.85600000E+09
    630  K23_8D3 Lcavity            319.108   0.407 319.10787  4.07200000E-01  1.69013655E+07  6.88223601E+06 -9.30555556E-02  2.85600000E+09
    639  K24_1A  Lcavity            325.165   3.044 325.16477  3.04410000E+00  1.69013655E+07  5.14494466E+07 -9.30555556E-02  2.85600000E+09
    640  K24_1B  Lcavity            328.209   3.044 328.20887  3.04410000E+00  1.69013655E+07  5.14494466E+07 -9.30555556E-02  2.85600000E+09
    641  K24_1C  Lcavity            331.253   3.044 331.25297  3.04410000E+00  1.69013655E+07  5.14494466E+07 -9.30555556E-02  2.85600000E+09
    642  K24_1D  Lcavity            334.297   3.044 334.29707  3.04410000E+00  1.69013655E+07  5.14494466E+07 -9.30555556E-02  2.85600000E+09
    648  K24_2A1 Lcavity            334.837   0.372 334.83667  3.71600000E-01  1.69013655E+07  6.28054740E+06 -9.30555556E-02  2.85600000E+09
    650  K24_2A2 Lcavity            335.118   0.281 335.11767  2.81000000E-01  1.69013655E+07  4.74928369E+06 -9.30555556E-02  2.85600000E+09
    652  K24_2A3 Lcavity            337.509   2.392 337.50917  2.39150000E+00  1.69013655E+07  4.04196155E+07 -9.30555556E-02  2.85600000E+09
    653  K24_2B  Lcavity            340.553   3.044 340.55327  3.04410000E+00  1.69013655E+07  5.14494466E+07 -9.30555556E-02  2.85600000E+09
    654  K24_2C  Lcavity            343.597   3.044 343.59737  3.04410000E+00  1.69013655E+07  5.14494466E+07 -9.30555556E-02  2.85600000E+09
    655  K24_2D  Lcavity            346.641   3.044 346.64147  3.04410000E+00  1.69013655E+07  5.14494466E+07 -9.30555556E-02  2.85600000E+09
    661  K24_3A1 Lcavity            347.141   0.331 347.14067  3.31200000E-01  1.69013655E+07  5.59773224E+06 -9.30555556E-02  2.85600000E+09
    663  K24_3A2 Lcavity            347.391   0.250 347.39067  2.50000000E-01  1.69013655E+07  4.22534136E+06 -9.30555556E-02  2.85600000E+09
    665  K24_3A3 Lcavity            349.854   2.463 349.85357  2.46290000E+00  1.69013655E+07  4.16263730E+07 -9.30555556E-02  2.85600000E+09
    666  K24_3B  Lcavity            352.898   3.044 352.89767  3.04410000E+00  1.69013655E+07  5.14494466E+07 -9.30555556E-02  2.85600000E+09
    667  K24_3C  Lcavity            355.942   3.044 355.94177  3.04410000E+00  1.69013655E+07  5.14494466E+07 -9.30555556E-02  2.85600000E+09
    668  K24_3D  Lcavity            358.986   3.044 358.98587  3.04410000E+00  1.69013655E+07  5.14494466E+07 -9.30555556E-02  2.85600000E+09
    674  K24_4A1 Lcavity            359.481   0.327 359.48067  3.26800000E-01  1.69013655E+07  5.52336623E+06 -9.30555556E-02  2.85600000E+09
    676  K24_4A2 Lcavity            359.785   0.305 359.78547  3.04800000E-01  1.69013655E+07  5.15153619E+06 -9.30555556E-02  2.85600000E+09
    678  K24_4A3 Lcavity            362.198   2.413 362.19797  2.41250000E+00  1.69013655E+07  4.07745442E+07 -9.30555556E-02  2.85600000E+09
    679  K24_4B  Lcavity            365.242   3.044 365.24207  3.04410000E+00  1.69013655E+07  5.14494466E+07 -9.30555556E-02  2.85600000E+09
    680  K24_4C  Lcavity            368.286   3.044 368.28617  3.04410000E+00  1.69013655E+07  5.14494466E+07 -9.30555556E-02  2.85600000E+09
    681  K24_4D  Lcavity            371.330   3.044 371.33027  3.04410000E+00  1.69013655E+07  5.14494466E+07 -9.30555556E-02  2.85600000E+09
    687  K24_5A1 Lcavity            371.831   0.332 371.83067  3.32400000E-01  1.69013655E+07  5.61801388E+06 -9.30555556E-02  2.85600000E+09
    689  K24_5A2 Lcavity            372.135   0.305 372.13547  3.04800000E-01  1.69013655E+07  5.15153619E+06 -9.30555556E-02  2.85600000E+09
    691  K24_5A3 Lcavity            374.542   2.407 374.54237  2.40690000E+00  1.69013655E+07  4.06798965E+07 -9.30555556E-02  2.85600000E+09
    692  K24_5B  Lcavity            377.586   3.044 377.58647  3.04410000E+00  1.69013655E+07  5.14494466E+07 -9.30555556E-02  2.85600000E+09
    693  K24_5C  Lcavity            380.631   3.044 380.63057  3.04410000E+00  1.69013655E+07  5.14494466E+07 -9.30555556E-02  2.85600000E+09
    694  K24_5D  Lcavity            383.675   3.044 383.67467  3.04410000E+00  1.69013655E+07  5.14494466E+07 -9.30555556E-02  2.85600000E+09
    700  K24_6A1 Lcavity            384.171   0.328 384.17067  3.28000000E-01  1.69013655E+07  5.54364787E+06 -9.30555556E-02  2.85600000E+09
    702  K24_6A2 Lcavity            384.475   0.305 384.47547  3.04800000E-01  1.69013655E+07  5.15153619E+06 -9.30555556E-02  2.85600000E+09
    704  K24_6A3 Lcavity            386.887   2.411 386.88677  2.41130000E+00  1.69013655E+07  4.07542625E+07 -9.30555556E-02  2.85600000E+09
    705  K24_6B  Lcavity            389.931   3.044 389.93087  3.04410000E+00  1.69013655E+07  5.14494466E+07 -9.30555556E-02  2.85600000E+09
    706  K24_6C  Lcavity            392.975   3.044 392.97497  3.04410000E+00  1.69013655E+07  5.14494466E+07 -9.30555556E-02  2.85600000E+09
    707  K24_6D1 Lcavity            395.307   2.332 395.30707  2.33210000E+00  1.69013655E+07  3.94156744E+07 -9.30555556E-02  2.85600000E+09
    709  K24_6D2 Lcavity            395.612   0.305 395.61187  3.04800000E-01  1.69013655E+07  5.15153619E+06 -9.30555556E-02  2.85600000E+09
    711  K24_6D3 Lcavity            396.019   0.407 396.01907  4.07200000E-01  1.69013655E+07  6.88223601E+06 -9.30555556E-02  2.85600000E+09
    780  K25_1A1 Lcavity            424.060   0.325 424.05966  3.25000000E-01  1.58334053E+07  5.14585674E+06  0.00000000E+00  2.85600000E+09
    782  K25_1A2 Lcavity            424.385   0.325 424.38466  3.25000000E-01  1.58334053E+07  5.14585674E+06  0.00000000E+00  2.85600000E+09
    784  K25_1A3 Lcavity            426.779   2.394 426.77876  2.39410000E+00  1.58334053E+07  3.79067557E+07  0.00000000E+00  2.85600000E+09
    785  K25_1B  Lcavity            429.823   3.044 429.82286  3.04410000E+00  1.58334053E+07  4.81984692E+07  0.00000000E+00  2.85600000E+09
    787  K25_1D  Lcavity            435.911   3.044 435.91106  3.04410000E+00  2.23918166E+07  6.81629288E+07  0.00000000E+00  2.85600000E+09
    793  K25_2A1 Lcavity            436.532   0.453 436.53206  4.53000000E-01  1.58334053E+07  7.17253262E+06  0.00000000E+00  2.85600000E+09
    795  K25_2A2 Lcavity            436.850   0.318 436.84956  3.17500000E-01  1.58334053E+07  5.02710620E+06  0.00000000E+00  2.85600000E+09
    797  K25_2A3 Lcavity            439.123   2.274 439.12316  2.27360000E+00  1.58334053E+07  3.59988304E+07  0.00000000E+00  2.85600000E+09
    798  K25_2B  Lcavity            442.167   3.044 442.16726  3.04410000E+00  1.58334053E+07  4.81984692E+07  0.00000000E+00  2.85600000E+09
    799  K25_2C  Lcavity            445.211   3.044 445.21136  3.04410000E+00  2.23918166E+07  6.81629288E+07  0.00000000E+00  2.85600000E+09
    804  TCAV3   Lcavity            447.980   2.438 447.97996  2.43800000E+00  0.00000000E+00  0.00000000E+00  0.00000000E+00  0.00000000E+00
    810  K25_3A1 Lcavity            448.755   0.331 448.75466  3.31200000E-01  1.58334053E+07  5.24402385E+06  0.00000000E+00  2.85600000E+09
    812  K25_3A2 Lcavity            449.105   0.350 449.10506  3.50400000E-01  1.58334053E+07  5.54802523E+06  0.00000000E+00  2.85600000E+09
    814  K25_3A3 Lcavity            451.468   2.362 451.46756  2.36250000E+00  1.58334053E+07  3.74064201E+07  0.00000000E+00  2.85600000E+09
    815  K25_3B  Lcavity            454.512   3.044 454.51166  3.04410000E+00  1.58334053E+07  4.81984692E+07  0.00000000E+00  2.85600000E+09
    816  K25_3C  Lcavity            457.556   3.044 457.55576  3.04410000E+00  2.23918166E+07  6.81629288E+07  0.00000000E+00  2.85600000E+09
    830  K25_4A1 Lcavity            461.095   0.327 461.09466  3.26800000E-01  1.58334053E+07  5.17435687E+06  0.00000000E+00  2.85600000E+09
    832  K25_4A2 Lcavity            461.345   0.250 461.34466  2.50000000E-01  1.58334053E+07  3.95835134E+06  0.00000000E+00  2.85600000E+09
    834  K25_4A3 Lcavity            463.812   2.467 463.81196  2.46730000E+00  1.58334053E+07  3.90657610E+07  0.00000000E+00  2.85600000E+09
    835  K25_4B  Lcavity            466.856   3.044 466.85606  3.04410000E+00  1.58334053E+07  4.81984692E+07  0.00000000E+00  2.85600000E+09
    836  K25_4C  Lcavity            469.900   3.044 469.90016  3.04410000E+00  1.58334053E+07  4.81984692E+07  0.00000000E+00  2.85600000E+09
    837  K25_4D  Lcavity            472.944   3.044 472.94426  3.04410000E+00  1.58334053E+07  4.81984692E+07  0.00000000E+00  2.85600000E+09
    843  K25_5A1 Lcavity            473.439   0.327 473.43906  3.26800000E-01  1.58334053E+07  5.17435687E+06  0.00000000E+00  2.85600000E+09
    845  K25_5A2 Lcavity            473.689   0.250 473.68906  2.50000000E-01  1.58334053E+07  3.95835134E+06  0.00000000E+00  2.85600000E+09
    847  K25_5A3 Lcavity            476.156   2.467 476.15636  2.46730000E+00  1.58334053E+07  3.90657610E+07  0.00000000E+00  2.85600000E+09
    848  K25_5B  Lcavity            479.200   3.044 479.20046  3.04410000E+00  1.58334053E+07  4.81984692E+07  0.00000000E+00  2.85600000E+09
    849  K25_5C  Lcavity            482.245   3.044 482.24456  3.04410000E+00  1.58334053E+07  4.81984692E+07  0.00000000E+00  2.85600000E+09
    850  K25_5D  Lcavity            485.289   3.044 485.28866  3.04410000E+00  1.58334053E+07  4.81984692E+07  0.00000000E+00  2.85600000E+09
    856  K25_6A1 Lcavity            485.785   0.328 485.78466  3.28000000E-01  1.58334053E+07  5.19335695E+06  0.00000000E+00  2.85600000E+09
    858  K25_6A2 Lcavity            486.167   0.382 486.16686  3.82200000E-01  1.58334053E+07  6.05152752E+06  0.00000000E+00  2.85600000E+09
    860  K25_6A3 Lcavity            488.501   2.334 488.50076  2.33390000E+00  1.58334053E+07  3.69535847E+07  0.00000000E+00  2.85600000E+09
    861  K25_6B  Lcavity            491.545   3.044 491.54486  3.04410000E+00  1.58334053E+07  4.81984692E+07  0.00000000E+00  2.85600000E+09
    862  K25_6C  Lcavity            494.589   3.044 494.58896  3.04410000E+00  1.58334053E+07  4.81984692E+07  0.00000000E+00  2.85600000E+09
    863  K25_6D  Lcavity            497.633   3.044 497.63306  3.04410000E+00  1.58334053E+07  4.81984692E+07  0.00000000E+00  2.85600000E+09
    869  K25_7A1 Lcavity            498.135   0.334 498.13466  3.33600000E-01  1.58334053E+07  5.28202402E+06  0.00000000E+00  2.85600000E+09
    871  K25_7A2 Lcavity            498.385   0.250 498.38466  2.50000000E-01  1.58334053E+07  3.95835134E+06  0.00000000E+00  2.85600000E+09
    873  K25_7A3 Lcavity            500.845   2.461 500.84516  2.46050000E+00  1.58334053E+07  3.89580938E+07  0.00000000E+00  2.85600000E+09
    874  K25_7B  Lcavity            503.889   3.044 503.88926  3.04410000E+00  1.58334053E+07  4.81984692E+07  0.00000000E+00  2.85600000E+09
    875  K25_7C  Lcavity            506.933   3.044 506.93336  3.04410000E+00  1.58334053E+07  4.81984692E+07  0.00000000E+00  2.85600000E+09
    876  K25_7D  Lcavity            509.977   3.044 509.97746  3.04410000E+00  1.58334053E+07  4.81984692E+07  0.00000000E+00  2.85600000E+09
    882  K25_8A1 Lcavity            510.475   0.329 510.47466  3.29200000E-01  1.58334053E+07  5.21235704E+06  0.00000000E+00  2.85600000E+09
    884  K25_8A2 Lcavity            510.725   0.250 510.72466  2.50000000E-01  1.58334053E+07  3.95835134E+06  0.00000000E+00  2.85600000E+09
    886  K25_8A3 Lcavity            513.190   2.465 513.18956  2.46490000E+00  1.58334053E+07  3.90277608E+07  0.00000000E+00  2.85600000E+09
    887  K25_8B  Lcavity            516.234   3.044 516.23366  3.04410000E+00  1.58334053E+07  4.81984692E+07  0.00000000E+00  2.85600000E+09
    888  K25_8C  Lcavity            519.278   3.044 519.27776  3.04410000E+00  1.58334053E+07  4.81984692E+07  0.00000000E+00  2.85600000E+09
    889  K25_8D1 Lcavity            521.665   2.387 521.66466  2.38690000E+00  1.58334053E+07  3.77927552E+07  0.00000000E+00  2.85600000E+09
    891  K25_8D2 Lcavity            521.915   0.250 521.91466  2.50000000E-01  1.58334053E+07  3.95835134E+06  0.00000000E+00  2.85600000E+09
    893  K25_8D3 Lcavity            522.322   0.407 522.32186  4.07200000E-01  1.58334053E+07  6.44736265E+06  0.00000000E+00  2.85600000E+09
    904  K26_1A  Lcavity            528.379   3.044 528.37876  3.04410000E+00  1.58334053E+07  4.81984692E+07  0.00000000E+00  2.85600000E+09
    905  K26_1B  Lcavity            531.423   3.044 531.42286  3.04410000E+00  1.58334053E+07  4.81984692E+07  0.00000000E+00  2.85600000E+09
    906  K26_1C  Lcavity            534.467   3.044 534.46696  3.04410000E+00  1.58334053E+07  4.81984692E+07  0.00000000E+00  2.85600000E+09
    907  K26_1D  Lcavity            537.511   3.044 537.51106  3.04410000E+00  1.58334053E+07  4.81984692E+07  0.00000000E+00  2.85600000E+09
    913  K26_2A1 Lcavity            538.005   0.326 538.00466  3.25600000E-01  1.58334053E+07  5.15535678E+06  0.00000000E+00  2.85600000E+09
    915  K26_2A2 Lcavity            538.377   0.372 538.37656  3.71900000E-01  1.58334053E+07  5.88844345E+06  0.00000000E+00  2.85600000E+09
    917  K26_2A3 Lcavity            540.723   2.347 540.72316  2.34660000E+00  1.58334053E+07  3.71546690E+07  0.00000000E+00  2.85600000E+09
    918  K26_2B  Lcavity            543.767   3.044 543.76726  3.04410000E+00  1.58334053E+07  4.81984692E+07  0.00000000E+00  2.85600000E+09
    919  K26_2C  Lcavity            546.811   3.044 546.81136  3.04410000E+00  1.58334053E+07  4.81984692E+07  0.00000000E+00  2.85600000E+09
    920  K26_2D  Lcavity            549.855   3.044 549.85546  3.04410000E+00  1.58334053E+07  4.81984692E+07  0.00000000E+00  2.85600000E+09
    926  K26_3A1 Lcavity            550.355   0.331 550.35466  3.31200000E-01  1.58334053E+07  5.24402385E+06  0.00000000E+00  2.85600000E+09
    928  K26_3A2 Lcavity            550.605   0.250 550.60466  2.50000000E-01  1.58334053E+07  3.95835134E+06  0.00000000E+00  2.85600000E+09
    930  K26_3A3 Lcavity            553.068   2.463 553.06756  2.46290000E+00  1.58334053E+07  3.89960940E+07  0.00000000E+00  2.85600000E+09
    931  K26_3B  Lcavity            556.112   3.044 556.11166  3.04410000E+00  1.58334053E+07  4.81984692E+07  0.00000000E+00  2.85600000E+09
    932  K26_3C  Lcavity            559.156   3.044 559.15576  3.04410000E+00  1.58334053E+07  4.81984692E+07  0.00000000E+00  2.85600000E+09
    933  K26_3D  Lcavity            562.200   3.044 562.19986  3.04410000E+00  1.58334053E+07  4.81984692E+07  0.00000000E+00  2.85600000E+09
    939  K26_4A1 Lcavity            562.695   0.327 562.69466  3.26800000E-01  1.58334053E+07  5.17435687E+06  0.00000000E+00  2.85600000E+09
    941  K26_4A2 Lcavity            562.945   0.250 562.94466  2.50000000E-01  1.58334053E+07  3.95835134E+06  0.00000000E+00  2.85600000E+09
    943  K26_4A3 Lcavity            565.412   2.467 565.41196  2.46730000E+00  1.58334053E+07  3.90657610E+07  0.00000000E+00  2.85600000E+09
    944  K26_4B  Lcavity            568.456   3.044 568.45606  3.04410000E+00  1.58334053E+07  4.81984692E+07  0.00000000E+00  2.85600000E+09
    945  K26_4C  Lcavity            571.500   3.044 571.50016  3.04410000E+00  1.58334053E+07  4.81984692E+07  0.00000000E+00  2.85600000E+09
    946  K26_4D  Lcavity            574.544   3.044 574.54426  3.04410000E+00  1.58334053E+07  4.81984692E+07  0.00000000E+00  2.85600000E+09
    952  K26_5A1 Lcavity            575.045   0.332 575.04466  3.32400000E-01  1.58334053E+07  5.26302394E+06  0.00000000E+00  2.85600000E+09
    954  K26_5A2 Lcavity            575.295   0.250 575.29466  2.50000000E-01  1.58334053E+07  3.95835134E+06  0.00000000E+00  2.85600000E+09
    956  K26_5A3 Lcavity            577.756   2.462 577.75636  2.46170000E+00  1.58334053E+07  3.89770939E+07  0.00000000E+00  2.85600000E+09
    957  K26_5B  Lcavity            580.800   3.044 580.80046  3.04410000E+00  1.58334053E+07  4.81984692E+07  0.00000000E+00  2.85600000E+09
    958  K26_5C  Lcavity            583.845   3.044 583.84456  3.04410000E+00  1.58334053E+07  4.81984692E+07  0.00000000E+00  2.85600000E+09
    959  K26_5D  Lcavity            586.889   3.044 586.88866  3.04410000E+00  1.58334053E+07  4.81984692E+07  0.00000000E+00  2.85600000E+09
    965  K26_6A1 Lcavity            587.385   0.328 587.38466  3.28000000E-01  1.58334053E+07  5.19335695E+06  0.00000000E+00  2.85600000E+09
    967  K26_6A2 Lcavity            587.795   0.411 587.79546  4.10800000E-01  1.58334053E+07  6.50436291E+06  0.00000000E+00  2.85600000E+09
    969  K26_6A3 Lcavity            590.101   2.305 590.10076  2.30530000E+00  1.58334053E+07  3.65007493E+07  0.00000000E+00  2.85600000E+09
    970  K26_6B  Lcavity            593.145   3.044 593.14486  3.04410000E+00  1.58334053E+07  4.81984692E+07  0.00000000E+00  2.85600000E+09
    971  K26_6C  Lcavity            596.189   3.044 596.18896  3.04410000E+00  1.58334053E+07  4.81984692E+07  0.00000000E+00  2.85600000E+09
    972  K26_6D  Lcavity            599.233   3.044 599.23306  3.04410000E+00  1.58334053E+07  4.81984692E+07  0.00000000E+00  2.85600000E+09
    978  K26_7A1 Lcavity            599.735   0.334 599.73466  3.33600000E-01  1.58334053E+07  5.28202402E+06  0.00000000E+00  2.85600000E+09
    980  K26_7A2 Lcavity            599.985   0.250 599.98466  2.50000000E-01  1.58334053E+07  3.95835134E+06  0.00000000E+00  2.85600000E+09
    982  K26_7A3 Lcavity            602.445   2.461 602.44516  2.46050000E+00  1.58334053E+07  3.89580938E+07  0.00000000E+00  2.85600000E+09
    983  K26_7B  Lcavity            605.489   3.044 605.48926  3.04410000E+00  1.58334053E+07  4.81984692E+07  0.00000000E+00  2.85600000E+09
    984  K26_7C  Lcavity            608.533   3.044 608.53336  3.04410000E+00  1.58334053E+07  4.81984692E+07  0.00000000E+00  2.85600000E+09
    985  K26_7D  Lcavity            611.577   3.044 611.57746  3.04410000E+00  1.58334053E+07  4.81984692E+07  0.00000000E+00  2.85600000E+09
    991  K26_8A1 Lcavity            612.075   0.329 612.07466  3.29200000E-01  1.58334053E+07  5.21235704E+06  0.00000000E+00  2.85600000E+09
    993  K26_8A2 Lcavity            612.456   0.381 612.45566  3.81000000E-01  1.58334053E+07  6.03252743E+06  0.00000000E+00  2.85600000E+09
    995  K26_8A3 Lcavity            614.790   2.334 614.78956  2.33390000E+00  1.58334053E+07  3.69535847E+07  0.00000000E+00  2.85600000E+09
    996  K26_8B  Lcavity            617.834   3.044 617.83366  3.04410000E+00  1.58334053E+07  4.81984692E+07  0.00000000E+00  2.85600000E+09
    997  K26_8C  Lcavity            620.878   3.044 620.87776  3.04410000E+00  1.58334053E+07  4.81984692E+07  0.00000000E+00  2.85600000E+09
    998  K26_8D1 Lcavity            623.265   2.387 623.26466  2.38690000E+00  1.58334053E+07  3.77927552E+07  0.00000000E+00  2.85600000E+09
   1000  K26_8D2 Lcavity            623.515   0.250 623.51466  2.50000000E-01  1.58334053E+07  3.95835134E+06  0.00000000E+00  2.85600000E+09
   1002  K26_8D3 Lcavity            623.922   0.407 623.92186  4.07200000E-01  1.58334053E+07  6.44736265E+06  0.00000000E+00  2.85600000E+09
   1011  K27_1A  Lcavity            629.979   3.044 629.97876  3.04410000E+00  0.00000000E+00  0.00000000E+00  0.00000000E+00  2.85600000E+09
   1012  K27_1B  Lcavity            633.023   3.044 633.02286  3.04410000E+00  0.00000000E+00  0.00000000E+00  0.00000000E+00  2.85600000E+09
   1013  K27_1C  Lcavity            636.067   3.044 636.06696  3.04410000E+00  0.00000000E+00  0.00000000E+00  0.00000000E+00  2.85600000E+09
   1014  K27_1D  Lcavity            639.111   3.044 639.11106  3.04410000E+00  0.00000000E+00  0.00000000E+00  0.00000000E+00  2.85600000E+09
   1020  K27_2A1 Lcavity            639.605   0.326 639.60466  3.25600000E-01  0.00000000E+00  0.00000000E+00  0.00000000E+00  2.85600000E+09
   1022  K27_2A2 Lcavity            639.855   0.250 639.85466  2.50000000E-01  0.00000000E+00  0.00000000E+00  0.00000000E+00  2.85600000E+09
   1024  K27_2A3 Lcavity            642.323   2.469 642.32316  2.46850000E+00  0.00000000E+00  0.00000000E+00  0.00000000E+00  2.85600000E+09
   1025  K27_2B  Lcavity            645.367   3.044 645.36726  3.04410000E+00  0.00000000E+00  0.00000000E+00  0.00000000E+00  2.85600000E+09
   1026  K27_2C  Lcavity            648.411   3.044 648.41136  3.04410000E+00  0.00000000E+00  0.00000000E+00  0.00000000E+00  2.85600000E+09
   1027  K27_2D  Lcavity            651.455   3.044 651.45546  3.04410000E+00  0.00000000E+00  0.00000000E+00  0.00000000E+00  2.85600000E+09
   1033  K27_3A1 Lcavity            651.955   0.331 651.95466  3.31200000E-01  0.00000000E+00  0.00000000E+00  0.00000000E+00  2.85600000E+09
   1035  K27_3A2 Lcavity            652.324   0.369 652.32416  3.69500000E-01  0.00000000E+00  0.00000000E+00  0.00000000E+00  2.85600000E+09
   1037  K27_3A3 Lcavity            654.668   2.343 654.66756  2.34340000E+00  0.00000000E+00  0.00000000E+00  0.00000000E+00  2.85600000E+09
   1038  K27_3B  Lcavity            657.712   3.044 657.71166  3.04410000E+00  0.00000000E+00  0.00000000E+00  0.00000000E+00  2.85600000E+09
   1039  K27_3C  Lcavity            660.756   3.044 660.75576  3.04410000E+00  0.00000000E+00  0.00000000E+00  0.00000000E+00  2.85600000E+09
   1040  K27_3D  Lcavity            663.800   3.044 663.79986  3.04410000E+00  0.00000000E+00  0.00000000E+00  0.00000000E+00  2.85600000E+09
   1046  K27_4A1 Lcavity            664.295   0.327 664.29466  3.26800000E-01  0.00000000E+00  0.00000000E+00  0.00000000E+00  2.85600000E+09
   1048  K27_4A2 Lcavity            664.545   0.250 664.54466  2.50000000E-01  0.00000000E+00  0.00000000E+00  0.00000000E+00  2.85600000E+09
   1050  K27_4A3 Lcavity            667.012   2.467 667.01196  2.46730000E+00  0.00000000E+00  0.00000000E+00  0.00000000E+00  2.85600000E+09
   1051  K27_4B  Lcavity            670.056   3.044 670.05606  3.04410000E+00  0.00000000E+00  0.00000000E+00  0.00000000E+00  2.85600000E+09
   1052  K27_4C  Lcavity            673.100   3.044 673.10016  3.04410000E+00  0.00000000E+00  0.00000000E+00  0.00000000E+00  2.85600000E+09
   1053  K27_4D  Lcavity            676.144   3.044 676.14426  3.04410000E+00  0.00000000E+00  0.00000000E+00  0.00000000E+00  2.85600000E+09
   1059  K27_5A1 Lcavity            676.645   0.332 676.64466  3.32400000E-01  0.00000000E+00  0.00000000E+00  0.00000000E+00  2.85600000E+09
   1061  K27_5A2 Lcavity            677.013   0.368 677.01296  3.68300000E-01  0.00000000E+00  0.00000000E+00  0.00000000E+00  2.85600000E+09
   1063  K27_5A3 Lcavity            679.356   2.343 679.35636  2.34340000E+00  0.00000000E+00  0.00000000E+00  0.00000000E+00  2.85600000E+09
   1064  K27_5B  Lcavity            682.400   3.044 682.40046  3.04410000E+00  0.00000000E+00  0.00000000E+00  0.00000000E+00  2.85600000E+09
   1065  K27_5C  Lcavity            685.445   3.044 685.44456  3.04410000E+00  0.00000000E+00  0.00000000E+00  0.00000000E+00  2.85600000E+09
   1066  K27_5D  Lcavity            688.489   3.044 688.48866  3.04410000E+00  0.00000000E+00  0.00000000E+00  0.00000000E+00  2.85600000E+09
   1072  K27_6A1 Lcavity            688.985   0.328 688.98466  3.28000000E-01  0.00000000E+00  0.00000000E+00  0.00000000E+00  2.85600000E+09
   1074  K27_6A2 Lcavity            689.235   0.250 689.23466  2.50000000E-01  0.00000000E+00  0.00000000E+00  0.00000000E+00  2.85600000E+09
   1076  K27_6A3 Lcavity            691.701   2.466 691.70076  2.46610000E+00  0.00000000E+00  0.00000000E+00  0.00000000E+00  2.85600000E+09
   1077  K27_6B  Lcavity            694.745   3.044 694.74486  3.04410000E+00  0.00000000E+00  0.00000000E+00  0.00000000E+00  2.85600000E+09
   1078  K27_6C  Lcavity            697.789   3.044 697.78896  3.04410000E+00  0.00000000E+00  0.00000000E+00  0.00000000E+00  2.85600000E+09
   1086  K27_7A1 Lcavity            701.335   0.334 701.33466  3.33600000E-01  0.00000000E+00  0.00000000E+00  0.00000000E+00  2.85600000E+09
   1088  K27_7A2 Lcavity            701.686   0.351 701.68586  3.51200000E-01  0.00000000E+00  0.00000000E+00  0.00000000E+00  2.85600000E+09
   1090  K27_7A3 Lcavity            704.045   2.359 704.04516  2.35930000E+00  0.00000000E+00  0.00000000E+00  0.00000000E+00  2.85600000E+09
   1091  K27_7B  Lcavity            707.089   3.044 707.08926  3.04410000E+00  0.00000000E+00  0.00000000E+00  0.00000000E+00  2.85600000E+09
   1092  K27_7C  Lcavity            710.133   3.044 710.13336  3.04410000E+00  0.00000000E+00  0.00000000E+00  0.00000000E+00  2.85600000E+09
   1093  K27_7D  Lcavity            713.177   3.044 713.17746  3.04410000E+00  0.00000000E+00  0.00000000E+00  0.00000000E+00  2.85600000E+09
   1099  K27_8A1 Lcavity            713.675   0.329 713.67466  3.29200000E-01  0.00000000E+00  0.00000000E+00  0.00000000E+00  2.85600000E+09
   1101  K27_8A2 Lcavity            713.925   0.250 713.92466  2.50000000E-01  0.00000000E+00  0.00000000E+00  0.00000000E+00  2.85600000E+09
   1103  K27_8A3 Lcavity            716.390   2.465 716.38956  2.46490000E+00  0.00000000E+00  0.00000000E+00  0.00000000E+00  2.85600000E+09
   1104  K27_8B  Lcavity            719.434   3.044 719.43366  3.04410000E+00  0.00000000E+00  0.00000000E+00  0.00000000E+00  2.85600000E+09
   1105  K27_8C  Lcavity            722.478   3.044 722.47776  3.04410000E+00  0.00000000E+00  0.00000000E+00  0.00000000E+00  2.85600000E+09
   1106  K27_8D1 Lcavity            724.719   2.241 724.71886  2.24110000E+00  0.00000000E+00  0.00000000E+00  0.00000000E+00  2.85600000E+09
   1108  K27_8D2 Lcavity            725.115   0.396 725.11466  3.95800000E-01  0.00000000E+00  0.00000000E+00  0.00000000E+00  2.85600000E+09
   1110  K27_8D3 Lcavity            725.522   0.407 725.52186  4.07200000E-01  0.00000000E+00  0.00000000E+00  0.00000000E+00  2.85600000E+09
   1119  K28_1A  Lcavity            731.579   3.044 731.57876  3.04410000E+00  0.00000000E+00  0.00000000E+00  0.00000000E+00  2.85600000E+09
   1120  K28_1B  Lcavity            734.623   3.044 734.62286  3.04410000E+00  0.00000000E+00  0.00000000E+00  0.00000000E+00  2.85600000E+09
   1121  K28_1C  Lcavity            737.667   3.044 737.66696  3.04410000E+00  0.00000000E+00  0.00000000E+00  0.00000000E+00  2.85600000E+09
   1133  K28_2A1 Lcavity            741.205   0.326 741.20466  3.25600000E-01  0.00000000E+00  0.00000000E+00  0.00000000E+00  2.85600000E+09
   1135  K28_2A2 Lcavity            741.455   0.250 741.45466  2.50000000E-01  0.00000000E+00  0.00000000E+00  0.00000000E+00  2.85600000E+09
   1137  K28_2A3 Lcavity            743.923   2.469 743.92316  2.46850000E+00  0.00000000E+00  0.00000000E+00  0.00000000E+00  2.85600000E+09
   1138  K28_2B  Lcavity            746.967   3.044 746.96726  3.04410000E+00  0.00000000E+00  0.00000000E+00  0.00000000E+00  2.85600000E+09
   1139  K28_2C  Lcavity            750.011   3.044 750.01136  3.04410000E+00  0.00000000E+00  0.00000000E+00  0.00000000E+00  2.85600000E+09
   1140  K28_2D  Lcavity            753.055   3.044 753.05546  3.04410000E+00  0.00000000E+00  0.00000000E+00  0.00000000E+00  2.85600000E+09
   1146  K28_3A1 Lcavity            753.555   0.331 753.55466  3.31200000E-01  0.00000000E+00  0.00000000E+00  0.00000000E+00  2.85600000E+09
   1148  K28_3A2 Lcavity            753.805   0.250 753.80466  2.50000000E-01  0.00000000E+00  0.00000000E+00  0.00000000E+00  2.85600000E+09
   1150  K28_3A3 Lcavity            756.268   2.463 756.26756  2.46290000E+00  0.00000000E+00  0.00000000E+00  0.00000000E+00  2.85600000E+09
   1151  K28_3B  Lcavity            759.312   3.044 759.31166  3.04410000E+00  0.00000000E+00  0.00000000E+00  0.00000000E+00  2.85600000E+09
   1152  K28_3C  Lcavity            762.356   3.044 762.35576  3.04410000E+00  0.00000000E+00  0.00000000E+00  0.00000000E+00  2.85600000E+09
   1153  K28_3D  Lcavity            765.400   3.044 765.39986  3.04410000E+00  0.00000000E+00  0.00000000E+00  0.00000000E+00  2.85600000E+09
   1159  K28_4A1 Lcavity            765.948   0.380 765.94786  3.80000000E-01  0.00000000E+00  0.00000000E+00  0.00000000E+00  2.85600000E+09
   1161  K28_4A2 Lcavity            766.240   0.292 766.23996  2.92100000E-01  0.00000000E+00  0.00000000E+00  0.00000000E+00  2.85600000E+09
   1163  K28_4A3 Lcavity            768.612   2.372 768.61196  2.37200000E+00  0.00000000E+00  0.00000000E+00  0.00000000E+00  2.85600000E+09
   1164  K28_4B  Lcavity            771.656   3.044 771.65606  3.04410000E+00  0.00000000E+00  0.00000000E+00  0.00000000E+00  2.85600000E+09
   1165  K28_4C  Lcavity            774.700   3.044 774.70016  3.04410000E+00  0.00000000E+00  0.00000000E+00  0.00000000E+00  2.85600000E+09
   1177  K28_5A1 Lcavity            778.308   0.396 778.30816  3.95900000E-01  0.00000000E+00  0.00000000E+00  0.00000000E+00  2.85600000E+09
   1179  K28_5A2 Lcavity            778.619   0.311 778.61926  3.11100000E-01  0.00000000E+00  0.00000000E+00  0.00000000E+00  2.85600000E+09
   1181  K28_5A3 Lcavity            780.956   2.337 780.95636  2.33710000E+00  0.00000000E+00  0.00000000E+00  0.00000000E+00  2.85600000E+09
   1182  K28_5B  Lcavity            784.000   3.044 784.00046  3.04410000E+00  0.00000000E+00  0.00000000E+00  0.00000000E+00  2.85600000E+09
   1183  K28_5C  Lcavity            787.045   3.044 787.04456  3.04410000E+00  0.00000000E+00  0.00000000E+00  0.00000000E+00  2.85600000E+09
   1190  K28_6A1 Lcavity            790.585   0.328 790.58466  3.28000000E-01  0.00000000E+00  0.00000000E+00  0.00000000E+00  2.85600000E+09
   1192  K28_6A2 Lcavity            790.945   0.360 790.94466  3.60000000E-01  0.00000000E+00  0.00000000E+00  0.00000000E+00  2.85600000E+09
   1194  K28_6A3 Lcavity            793.301   2.356 793.30076  2.35610000E+00  0.00000000E+00  0.00000000E+00  0.00000000E+00  2.85600000E+09
   1195  K28_6B  Lcavity            796.345   3.044 796.34486  3.04410000E+00  0.00000000E+00  0.00000000E+00  0.00000000E+00  2.85600000E+09
   1196  K28_6C  Lcavity            799.389   3.044 799.38896  3.04410000E+00  0.00000000E+00  0.00000000E+00  0.00000000E+00  2.85600000E+09
   1197  K28_6D  Lcavity            802.433   3.044 802.43306  3.04410000E+00  0.00000000E+00  0.00000000E+00  0.00000000E+00  2.85600000E+09
   1203  K28_7A1 Lcavity            802.935   0.334 802.93466  3.33600000E-01  0.00000000E+00  0.00000000E+00  0.00000000E+00  2.85600000E+09
   1205  K28_7A2 Lcavity            803.340   0.405 803.33986  4.05200000E-01  0.00000000E+00  0.00000000E+00  0.00000000E+00  2.85600000E+09
   1207  K28_7A3 Lcavity            805.645   2.305 805.64516  2.30530000E+00  0.00000000E+00  0.00000000E+00  0.00000000E+00  2.85600000E+09
   1208  K28_7B  Lcavity            808.689   3.044 808.68926  3.04410000E+00  0.00000000E+00  0.00000000E+00  0.00000000E+00  2.85600000E+09
   1209  K28_7C  Lcavity            811.733   3.044 811.73336  3.04410000E+00  0.00000000E+00  0.00000000E+00  0.00000000E+00  2.85600000E+09
   1217  K28_8A1 Lcavity            815.275   0.329 815.27466  3.29200000E-01  0.00000000E+00  0.00000000E+00  0.00000000E+00  2.85600000E+09
   1219  K28_8A2 Lcavity            815.525   0.250 815.52466  2.50000000E-01  0.00000000E+00  0.00000000E+00  0.00000000E+00  2.85600000E+09
   1221  K28_8A3 Lcavity            817.990   2.465 817.98956  2.46490000E+00  0.00000000E+00  0.00000000E+00  0.00000000E+00  2.85600000E+09
   1222  K28_8B  Lcavity            821.034   3.044 821.03366  3.04410000E+00  0.00000000E+00  0.00000000E+00  0.00000000E+00  2.85600000E+09
   1223  K28_8C  Lcavity            824.078   3.044 824.07776  3.04410000E+00  0.00000000E+00  0.00000000E+00  0.00000000E+00  2.85600000E+09
   1224  K28_8D1 Lcavity            826.465   2.387 826.46466  2.38690000E+00  0.00000000E+00  0.00000000E+00  0.00000000E+00  2.85600000E+09
   1226  K28_8D2 Lcavity            826.715   0.250 826.71466  2.50000000E-01  0.00000000E+00  0.00000000E+00  0.00000000E+00  2.85600000E+09
   1228  K28_8D3 Lcavity            827.122   0.407 827.12186  4.07200000E-01  0.00000000E+00  0.00000000E+00  0.00000000E+00  2.85600000E+09
   1243  K29_1A  Lcavity            833.179   3.044 833.17876  3.04410000E+00  0.00000000E+00  0.00000000E+00  0.00000000E+00  2.85600000E+09
   1244  K29_1B  Lcavity            836.223   3.044 836.22286  3.04410000E+00  0.00000000E+00  0.00000000E+00  0.00000000E+00  2.85600000E+09
   1245  K29_1C  Lcavity            839.267   3.044 839.26696  3.04410000E+00  0.00000000E+00  0.00000000E+00  0.00000000E+00  2.85600000E+09
   1254  K29_2A1 Lcavity            842.805   0.326 842.80466  3.25600000E-01  0.00000000E+00  0.00000000E+00  0.00000000E+00  2.85600000E+09
   1256  K29_2A2 Lcavity            843.157   0.353 843.15746  3.52800000E-01  0.00000000E+00  0.00000000E+00  0.00000000E+00  2.85600000E+09
   1258  K29_2A3 Lcavity            845.523   2.366 845.52316  2.36570000E+00  0.00000000E+00  0.00000000E+00  0.00000000E+00  2.85600000E+09
   1259  K29_2B  Lcavity            848.567   3.044 848.56726  3.04410000E+00  0.00000000E+00  0.00000000E+00  0.00000000E+00  2.85600000E+09
   1260  K29_2C  Lcavity            851.611   3.044 851.61136  3.04410000E+00  0.00000000E+00  0.00000000E+00  0.00000000E+00  2.85600000E+09
   1261  K29_2D  Lcavity            854.655   3.044 854.65546  3.04410000E+00  0.00000000E+00  0.00000000E+00  0.00000000E+00  2.85600000E+09
   1267  K29_3A1 Lcavity            855.155   0.331 855.15466  3.31200000E-01  0.00000000E+00  0.00000000E+00  0.00000000E+00  2.85600000E+09
   1269  K29_3A2 Lcavity            855.515   0.360 855.51456  3.59900000E-01  0.00000000E+00  0.00000000E+00  0.00000000E+00  2.85600000E+09
   1271  K29_3A3 Lcavity            857.868   2.353 857.86756  2.35300000E+00  0.00000000E+00  0.00000000E+00  0.00000000E+00  2.85600000E+09
   1272  K29_3B  Lcavity            860.912   3.044 860.91166  3.04410000E+00  0.00000000E+00  0.00000000E+00  0.00000000E+00  2.85600000E+09
   1273  K29_3C  Lcavity            863.956   3.044 863.95576  3.04410000E+00  0.00000000E+00  0.00000000E+00  0.00000000E+00  2.85600000E+09
   1274  K29_3D  Lcavity            867.000   3.044 866.99986  3.04410000E+00  0.00000000E+00  0.00000000E+00  0.00000000E+00  2.85600000E+09
   1280  K29_4A1 Lcavity            867.495   0.327 867.49466  3.26800000E-01  0.00000000E+00  0.00000000E+00  0.00000000E+00  2.85600000E+09
   1282  K29_4A2 Lcavity            867.745   0.250 867.74466  2.50000000E-01  0.00000000E+00  0.00000000E+00  0.00000000E+00  2.85600000E+09
   1284  K29_4A3 Lcavity            870.212   2.467 870.21196  2.46730000E+00  0.00000000E+00  0.00000000E+00  0.00000000E+00  2.85600000E+09
   1285  K29_4B  Lcavity            873.256   3.044 873.25606  3.04410000E+00  0.00000000E+00  0.00000000E+00  0.00000000E+00  2.85600000E+09
   1286  K29_4C  Lcavity            876.300   3.044 876.30016  3.04410000E+00  0.00000000E+00  0.00000000E+00  0.00000000E+00  2.85600000E+09
   1295  K29_5A1 Lcavity            879.892   0.380 879.89226  3.80000000E-01  0.00000000E+00  0.00000000E+00  0.00000000E+00  2.85600000E+09
   1297  K29_5A2 Lcavity            880.168   0.276 880.16846  2.76200000E-01  0.00000000E+00  0.00000000E+00  0.00000000E+00  2.85600000E+09
   1299  K29_5A3 Lcavity            882.556   2.388 882.55636  2.38790000E+00  0.00000000E+00  0.00000000E+00  0.00000000E+00  2.85600000E+09
   1300  K29_5B  Lcavity            885.600   3.044 885.60046  3.04410000E+00  0.00000000E+00  0.00000000E+00  0.00000000E+00  2.85600000E+09
   1301  K29_5C  Lcavity            888.645   3.044 888.64456  3.04410000E+00  0.00000000E+00  0.00000000E+00  0.00000000E+00  2.85600000E+09
   1310  K29_6A1 Lcavity            892.306   0.450 892.30646  4.49800000E-01  0.00000000E+00  0.00000000E+00  0.00000000E+00  2.85600000E+09
   1312  K29_6A2 Lcavity            892.678   0.371 892.67796  3.71500000E-01  0.00000000E+00  0.00000000E+00  0.00000000E+00  2.85600000E+09
   1314  K29_6A3 Lcavity            894.901   2.223 894.90076  2.22280000E+00  0.00000000E+00  0.00000000E+00  0.00000000E+00  2.85600000E+09
   1315  K29_6B  Lcavity            897.945   3.044 897.94486  3.04410000E+00  0.00000000E+00  0.00000000E+00  0.00000000E+00  2.85600000E+09
   1316  K29_6C  Lcavity            900.989   3.044 900.98896  3.04410000E+00  0.00000000E+00  0.00000000E+00  0.00000000E+00  2.85600000E+09
   1317  K29_6D  Lcavity            904.033   3.044 904.03306  3.04410000E+00  0.00000000E+00  0.00000000E+00  0.00000000E+00  2.85600000E+09
   1323  K29_7A1 Lcavity            904.535   0.334 904.53466  3.33600000E-01  0.00000000E+00  0.00000000E+00  0.00000000E+00  2.85600000E+09
   1325  K29_7A2 Lcavity            904.933   0.399 904.93346  3.98800000E-01  0.00000000E+00  0.00000000E+00  0.00000000E+00  2.85600000E+09
   1327  K29_7A3 Lcavity            907.245   2.312 907.24516  2.31170000E+00  0.00000000E+00  0.00000000E+00  0.00000000E+00  2.85600000E+09
   1328  K29_7B  Lcavity            910.289   3.044 910.28926  3.04410000E+00  0.00000000E+00  0.00000000E+00  0.00000000E+00  2.85600000E+09
   1329  K29_7C  Lcavity            913.333   3.044 913.33336  3.04410000E+00  0.00000000E+00  0.00000000E+00  0.00000000E+00  2.85600000E+09
   1330  K29_7D  Lcavity            916.203   2.869 916.20256  2.86920000E+00  0.00000000E+00  0.00000000E+00  0.00000000E+00  2.85600000E+09
   1338  K29_8A1 Lcavity            916.935   0.390 916.93506  3.89600000E-01  0.00000000E+00  0.00000000E+00  0.00000000E+00  2.85600000E+09
   1340  K29_8A2 Lcavity            917.214   0.279 917.21406  2.79000000E-01  0.00000000E+00  0.00000000E+00  0.00000000E+00  2.85600000E+09
   1342  K29_8A3 Lcavity            919.590   2.376 919.58956  2.37550000E+00  0.00000000E+00  0.00000000E+00  0.00000000E+00  2.85600000E+09
   1343  K29_8B  Lcavity            922.634   3.044 922.63366  3.04410000E+00  0.00000000E+00  0.00000000E+00  0.00000000E+00  2.85600000E+09
   1344  K29_8C  Lcavity            925.678   3.044 925.67776  3.04410000E+00  0.00000000E+00  0.00000000E+00  0.00000000E+00  2.85600000E+09
   1345  K29_8D1 Lcavity            928.134   2.456 928.13356  2.45580000E+00  0.00000000E+00  0.00000000E+00  0.00000000E+00  2.85600000E+09
   1347  K29_8D2 Lcavity            928.414   0.280 928.41356  2.80000000E-01  0.00000000E+00  0.00000000E+00  0.00000000E+00  2.85600000E+09
   1349  K29_8D3 Lcavity            928.722   0.308 928.72186  3.08300000E-01  0.00000000E+00  0.00000000E+00  0.00000000E+00  2.85600000E+09
   1366  K30_1A  Lcavity            934.779   3.044 934.77876  3.04410000E+00  0.00000000E+00  0.00000000E+00  0.00000000E+00  2.85600000E+09
   1367  K30_1B  Lcavity            937.823   3.044 937.82286  3.04410000E+00  0.00000000E+00  0.00000000E+00  0.00000000E+00  2.85600000E+09
   1368  K30_1C  Lcavity            940.867   3.044 940.86696  3.04410000E+00  0.00000000E+00  0.00000000E+00  0.00000000E+00  2.85600000E+09
   1369  K30_1D  Lcavity            943.036   2.169 943.03636  2.16940000E+00  0.00000000E+00  0.00000000E+00  0.00000000E+00  2.85600000E+09
   1381  K30_2A1 Lcavity            944.580   0.501 944.57966  5.00600000E-01  0.00000000E+00  0.00000000E+00  0.00000000E+00  2.85600000E+09
   1383  K30_2A2 Lcavity            944.910   0.330 944.90986  3.30200000E-01  0.00000000E+00  0.00000000E+00  0.00000000E+00  2.85600000E+09
   1385  K30_2A3 Lcavity            947.123   2.213 947.12316  2.21330000E+00  0.00000000E+00  0.00000000E+00  0.00000000E+00  2.85600000E+09
   1386  K30_2B  Lcavity            950.167   3.044 950.16726  3.04410000E+00  0.00000000E+00  0.00000000E+00  0.00000000E+00  2.85600000E+09
   1387  K30_2C  Lcavity            953.211   3.044 953.21136  3.04410000E+00  0.00000000E+00  0.00000000E+00  0.00000000E+00  2.85600000E+09
   1388  K30_2D  Lcavity            956.255   3.044 956.25546  3.04410000E+00  0.00000000E+00  0.00000000E+00  0.00000000E+00  2.85600000E+09
   1394  K30_3A1 Lcavity            956.822   0.399 956.82206  3.98600000E-01  0.00000000E+00  0.00000000E+00  0.00000000E+00  2.85600000E+09
   1396  K30_3A2 Lcavity            957.152   0.330 957.15206  3.30000000E-01  0.00000000E+00  0.00000000E+00  0.00000000E+00  2.85600000E+09
   1398  K30_3A3 Lcavity            959.468   2.316 959.46756  2.31550000E+00  0.00000000E+00  0.00000000E+00  0.00000000E+00  2.85600000E+09
   1399  K30_3B  Lcavity            962.512   3.044 962.51166  3.04410000E+00  0.00000000E+00  0.00000000E+00  0.00000000E+00  2.85600000E+09
   1400  K30_3C  Lcavity            965.556   3.044 965.55576  3.04410000E+00  0.00000000E+00  0.00000000E+00  0.00000000E+00  2.85600000E+09
   1401  K30_3D  Lcavity            967.725   2.169 967.72516  2.16940000E+00  0.00000000E+00  0.00000000E+00  0.00000000E+00  2.85600000E+09
   1409  K30_4A1 Lcavity            969.153   0.386 969.15346  3.85600000E-01  0.00000000E+00  0.00000000E+00  0.00000000E+00  2.85600000E+09
   1411  K30_4A2 Lcavity            969.432   0.279 969.43246  2.79000000E-01  0.00000000E+00  0.00000000E+00  0.00000000E+00  2.85600000E+09
   1413  K30_4A3 Lcavity            971.812   2.380 971.81196  2.37950000E+00  0.00000000E+00  0.00000000E+00  0.00000000E+00  2.85600000E+09
   1414  K30_4B  Lcavity            974.856   3.044 974.85606  3.04410000E+00  0.00000000E+00  0.00000000E+00  0.00000000E+00  2.85600000E+09
   1415  K30_4C  Lcavity            977.900   3.044 977.90016  3.04410000E+00  0.00000000E+00  0.00000000E+00  0.00000000E+00  2.85600000E+09
   1416  K30_4D  Lcavity            980.070   2.169 980.06956  2.16940000E+00  0.00000000E+00  0.00000000E+00  0.00000000E+00  2.85600000E+09
   1430  K30_5A1 Lcavity            981.485   0.373 981.48486  3.72600000E-01  0.00000000E+00  0.00000000E+00  0.00000000E+00  2.85600000E+09
   1432  K30_5A2 Lcavity            981.777   0.292 981.77686  2.92000000E-01  0.00000000E+00  0.00000000E+00  0.00000000E+00  2.85600000E+09
   1434  K30_5A3 Lcavity            984.156   2.380 984.15636  2.37950000E+00  0.00000000E+00  0.00000000E+00  0.00000000E+00  2.85600000E+09
   1435  K30_5B  Lcavity            987.200   3.044 987.20046  3.04410000E+00  0.00000000E+00  0.00000000E+00  0.00000000E+00  2.85600000E+09
   1436  K30_5C  Lcavity            990.245   3.044 990.24456  3.04410000E+00  0.00000000E+00  0.00000000E+00  0.00000000E+00  2.85600000E+09
   1437  K30_5D  Lcavity            992.414   2.169 992.41396  2.16940000E+00  0.00000000E+00  0.00000000E+00  0.00000000E+00  2.85600000E+09
   1449  K30_6A1 Lcavity            993.851   0.394 993.85066  3.94000000E-01  0.00000000E+00  0.00000000E+00  0.00000000E+00  2.85600000E+09
   1451  K30_6A2 Lcavity            994.244   0.393 994.24366  3.93000000E-01  0.00000000E+00  0.00000000E+00  0.00000000E+00  2.85600000E+09
   1453  K30_6A3 Lcavity            994.651   0.407 994.65066  4.07000000E-01  0.00000000E+00  0.00000000E+00  0.00000000E+00  2.85600000E+09
   1455  K30_6A4 Lcavity            995.632   0.981 995.63166  9.81000000E-01  0.00000000E+00  0.00000000E+00  0.00000000E+00  2.85600000E+09
   1457  K30_6A5 Lcavity            995.987   0.355 995.98666  3.55000000E-01  0.00000000E+00  0.00000000E+00  0.00000000E+00  2.85600000E+09
   1459  K30_6A6 Lcavity            996.501   0.514 996.50076  5.14100000E-01  0.00000000E+00  0.00000000E+00  0.00000000E+00  2.85600000E+09
   1460  K30_6B  Lcavity            999.545   3.044 999.54486  3.04410000E+00  0.00000000E+00  0.00000000E+00  0.00000000E+00  2.85600000E+09
   1461  K30_6C  Lcavity           1002.589   3.044 1002.5890  3.04410000E+00  0.00000000E+00  0.00000000E+00  0.00000000E+00  2.85600000E+09
   1462  K30_6D  Lcavity           1005.458   2.869 1005.4582  2.86920000E+00  0.00000000E+00  0.00000000E+00  0.00000000E+00  2.85600000E+09
   1468  K30_7A1 Lcavity           1006.182   0.381 1006.1824  3.81300000E-01  0.00000000E+00  0.00000000E+00  0.00000000E+00  2.85600000E+09
   1470  K30_7A2 Lcavity           1006.614   0.432 1006.6141  4.31700000E-01  0.00000000E+00  0.00000000E+00  0.00000000E+00  2.85600000E+09
   1472  K30_7A3 Lcavity           1006.988   0.374 1006.9881  3.74000000E-01  0.00000000E+00  0.00000000E+00  0.00000000E+00  2.85600000E+09
   1474  K30_7A4 Lcavity           1007.979   0.991 1007.9791  9.91000000E-01  0.00000000E+00  0.00000000E+00  0.00000000E+00  2.85600000E+09
   1476  K30_7A5 Lcavity           1008.338   0.359 1008.3381  3.59000000E-01  0.00000000E+00  0.00000000E+00  0.00000000E+00  2.85600000E+09
   1478  K30_7A6 Lcavity           1008.845   0.507 1008.8452  5.07100000E-01  0.00000000E+00  0.00000000E+00  0.00000000E+00  2.85600000E+09
   1479  K30_7B  Lcavity           1011.889   3.044 1011.8893  3.04410000E+00  0.00000000E+00  0.00000000E+00  0.00000000E+00  2.85600000E+09
   1480  K30_7C  Lcavity           1014.933   3.044 1014.9334  3.04410000E+00  0.00000000E+00  0.00000000E+00  0.00000000E+00  2.85600000E+09
   1481  K30_7D  Lcavity           1017.803   2.869 1017.8026  2.86920000E+00  0.00000000E+00  0.00000000E+00  0.00000000E+00  2.85600000E+09
   1487  K30_8A1 Lcavity           1018.531   0.386 1018.5314  3.85900000E-01  0.00000000E+00  0.00000000E+00  0.00000000E+00  2.85600000E+09
   1489  K30_8A2 Lcavity           1018.912   0.381 1018.9124  3.81000000E-01  0.00000000E+00  0.00000000E+00  0.00000000E+00  2.85600000E+09
   1491  K30_8A3 Lcavity           1021.190   2.277 1021.1896  2.27720000E+00  0.00000000E+00  0.00000000E+00  0.00000000E+00  2.85600000E+09
   1492  K30_8B  Lcavity           1024.234   3.044 1024.2337  3.04410000E+00  0.00000000E+00  0.00000000E+00  0.00000000E+00  2.85600000E+09
   1493  K30_8C1 Lcavity           1024.996   0.762 1024.9957  7.62000000E-01  0.00000000E+00  0.00000000E+00  0.00000000E+00  2.85600000E+09
   1495  K30_8C2 Lcavity           1026.463   1.467 1026.4626  1.46690000E+00  0.00000000E+00  0.00000000E+00  0.00000000E+00  2.85600000E+09
   1497  K30_8C3 Lcavity           1027.278   0.815 1027.2778  8.15200000E-01  0.00000000E+00  0.00000000E+00  0.00000000E+00  2.85600000E+09
   2991  TCX01   Lcavity           1713.869   0.500 1713.8694  5.00000000E-01  0.00000000E+00  0.00000000E+00  0.00000000E+00  1.14240000E+10
   2992  TCX01   Lcavity           1714.369   0.500 1714.3694  5.00000000E-01  0.00000000E+00  0.00000000E+00  0.00000000E+00  1.14240000E+10
   2996  TCX02   Lcavity           1715.242   0.500 1715.2424  5.00000000E-01  0.00000000E+00  0.00000000E+00  0.00000000E+00  1.14240000E+10
   2997  TCX02   Lcavity           1715.742   0.500 1715.7424  5.00000000E-01  0.00000000E+00  0.00000000E+00  0.00000000E+00  1.14240000E+10
