3.000000000000000000e+00 1.000000000000000000e+00 2.040769250736199858e+00 -6.397367800968200013e-01
3.578947368421052655e+00 1.000000000000000000e+00 3.072122655426699822e+00 -6.490162779385599823e-01
4.157894736842105310e+00 1.000000000000000000e+00 4.048010467798100365e+00 -6.770897871608400065e-01
4.736842105263157521e+00 1.000000000000000000e+00 5.004087776040299751e+00 -7.041743983707500210e-01
5.315789473684210620e+00 1.000000000000000000e+00 5.951970332308199829e+00 -7.279782784491100056e-01
5.894736842105263719e+00 1.000000000000000000e+00 6.896352493649099635e+00 -7.485657722143499448e-01
6.473684210526315930e+00 1.000000000000000000e+00 7.839361958216899851e+00 -7.663895434203700230e-01
7.052631578947368141e+00 1.000000000000000000e+00 8.782024997432200664e+00 -7.819099278069699954e-01
7.631578947368421240e+00 1.000000000000000000e+00 9.724849178541399297e+00 -7.955194779914099845e-01
8.210526315789474339e+00 1.000000000000000000e+00 1.066808224864599985e+01 -8.075377463148299961e-01
8.789473684210527438e+00 1.000000000000000000e+00 1.161183649642300075e+01 -8.182218187055400049e-01
9.368421052631578760e+00 1.000000000000000000e+00 1.255615199998599962e+01 -8.277786359678299677e-01
9.947368421052631859e+00 1.000000000000000000e+00 1.350103017412200046e+01 -8.363756717941399632e-01
1.052631578947368496e+01 1.000000000000000000e+00 1.444645211047400046e+01 -8.441494474341399989e-01
1.110526315789473628e+01 1.000000000000000000e+00 1.539238880693100064e+01 -8.512121310165100541e-01
1.168421052631578938e+01 1.000000000000000000e+00 1.633880692973999871e+01 -8.576566107667800143e-01
1.226315789473684248e+01 1.000000000000000000e+00 1.728567205426499953e+01 -8.635603974764900492e-01
1.284210526315789558e+01 1.000000000000000000e+00 1.823295045577999929e+01 -8.689886405165300198e-01
1.342105263157894868e+01 1.000000000000000000e+00 1.918061005738800162e+01 -8.739964742470800463e-01
1.400000000000000000e+01 1.000000000000000000e+00 2.012862088542199857e+01 -8.786308571261299827e-01
3.000000000000000000e+00 1.075789473684210407e+00 2.035976689016500085e+00 -6.395125326116399833e-01
3.578947368421052655e+00 1.075789473684210407e+00 3.066692528860599953e+00 -6.484282927896799498e-01
4.157894736842105310e+00 1.075789473684210407e+00 4.041621584286000157e+00 -6.763749310827500416e-01
4.736842105263157521e+00 1.075789473684210407e+00 4.996617112475600031e+00 -7.033810997616699590e-01
5.315789473684210620e+00 1.075789473684210407e+00 5.943354993508999762e+00 -7.271271195754199779e-01
5.894736842105263719e+00 1.075789473684210407e+00 6.886555026486600006e+00 -7.476687550744699484e-01
6.473684210526315930e+00 1.075789473684210407e+00 7.828357888000599729e+00 -7.654547971779599447e-01
7.052631578947368141e+00 1.075789473684210407e+00 8.769797298098099603e+00 -7.809434067074100261e-01
7.631578947368421240e+00 1.075789473684210407e+00 9.711385458991900421e+00 -7.945257490943700152e-01
8.210526315789474339e+00 1.075789473684210407e+00 1.065337317697500019e+01 -8.065204208215399628e-01
8.789473684210527438e+00 1.075789473684210407e+00 1.159587485252299999e+01 -8.171838153638799618e-01
9.368421052631578760e+00 1.075789473684210407e+00 1.253893207419699962e+01 -8.267223541536700138e-01
9.947368421052631859e+00 1.075789473684210407e+00 1.348254736845199986e+01 -8.353031111709799950e-01
1.052631578947368496e+01 1.075789473684210407e+00 1.442670266491500008e+01 -8.430622938124899823e-01
1.110526315789473628e+01 1.075789473684210407e+00 1.537136960589399948e+01 -8.501118197114400088e-01
1.168421052631578938e+01 1.075789473684210407e+00 1.631651536194700114e+01 -8.565443744172900331e-01
1.226315789473684248e+01 1.075789473684210407e+00 1.726210590886499929e+01 -8.624373027864600250e-01
1.284210526315789558e+01 1.075789473684210407e+00 1.820810784414999972e+01 -8.678556169355500227e-01
1.342105263157894868e+01 1.075789473684210407e+00 1.915448935332999980e+01 -8.728543366590599817e-01
1.400000000000000000e+01 1.075789473684210407e+00 2.010122067854300099e+01 -8.774803239943600452e-01
3.000000000000000000e+00 1.151578947368421035e+00 2.030848123102900082e+00 -6.392771279925000272e-01
3.578947368421052655e+00 1.151578947368421035e+00 3.060886460331799785e+00 -6.478008965634900473e-01
4.157894736842105310e+00 1.151578947368421035e+00 4.034792427994600139e+00 -6.756115085948100063e-01
4.736842105263157521e+00 1.151578947368421035e+00 4.988632743173799788e+00 -7.025337175198099748e-01
5.315789473684210620e+00 1.151578947368421035e+00 5.934147932871399966e+00 -7.262178488952799604e-01
5.894736842105263719e+00 1.151578947368421035e+00 6.876085118640400395e+00 -7.467104484803499531e-01
6.473684210526315930e+00 1.151578947368421035e+00 7.816598903883999583e+00 -7.644561535080499626e-01
7.052631578947368141e+00 1.151578947368421035e+00 8.756730997086000556e+00 -7.799107948722400208e-01
7.631578947368421240e+00 1.151578947368421035e+00 9.696998569266899182e+00 -7.934640530451000373e-01
8.210526315789474339e+00 1.151578947368421035e+00 1.063765570520000026e+01 -8.054335017542799680e-01
8.789473684210527438e+00 1.151578947368421035e+00 1.157881906800700023e+01 -8.160747937835499677e-01
9.368421052631578760e+00 1.151578947368421035e+00 1.252053186415800035e+01 -8.255937951179600498e-01
9.947368421052631859e+00 1.151578947368421035e+00 1.346279781078400006e+01 -8.341571523258100029e-01
1.052631578947368496e+01 1.151578947368421035e+00 1.440559973488499956e+01 -8.419007372313900284e-01
1.110526315789473628e+01 1.151578947368421035e+00 1.534890996882099934e+01 -8.489361996587200254e-01
1.168421052631578938e+01 1.151578947368421035e+00 1.629269622300400044e+01 -8.553560084776500316e-01
1.226315789473684248e+01 1.151578947368421035e+00 1.723692490194899918e+01 -8.612373311575399759e-01
1.284210526315789558e+01 1.151578947368421035e+00 1.818156294822500030e+01 -8.666450330979600380e-01
1.342105263157894868e+01 1.151578947368421035e+00 1.912657882809099874e+01 -8.716340116171500396e-01
1.400000000000000000e+01 1.151578947368421035e+00 2.007194301464999953e+01 -8.762510256830600142e-01
3.000000000000000000e+00 1.227368421052631664e+00 2.025386367536199828e+00 -6.390316708335399554e-01
3.578947368421052655e+00 1.227368421052631664e+00 3.054708627126600184e+00 -6.471348090709599932e-01
4.157894736842105310e+00 1.227368421052631664e+00 4.027528333337300204e+00 -6.748002586751500331e-01
4.736842105263157521e+00 1.227368421052631664e+00 4.980141132827199613e+00 -7.016330328207800449e-01
5.315789473684210620e+00 1.227368421052631664e+00 5.924356746575799804e+00 -7.252512873688999884e-01
5.894736842105263719e+00 1.227368421052631664e+00 6.864951504069500388e+00 -7.456917080346699978e-01
6.473684210526315930e+00 1.227368421052631664e+00 7.804094884167800394e+00 -7.633944978378800483e-01
7.052631578947368141e+00 1.227368421052631664e+00 8.742837122859599575e+00 -7.788130034850000438e-01
7.631578947368421240e+00 1.227368421052631664e+00 9.681700692888700388e+00 -7.923353234215699814e-01
8.210526315789474339e+00 1.227368421052631664e+00 1.062094317596599957e+01 -8.042779423082500045e-01
8.789473684210527438e+00 1.227368421052631664e+00 1.156068364799599912e+01 -8.148957244685000045e-01
9.368421052631578760e+00 1.227368421052631664e+00 1.250096704034599959e+01 -8.243939447445199908e-01
9.947368421052631859e+00 1.227368421052631664e+00 1.344179833931899992e+01 -8.329387948913199446e-01
1.052631578947368496e+01 1.227368421052631664e+00 1.438316132829999994e+01 -8.406657896838599653e-01
1.110526315789473628e+01 1.227368421052631664e+00 1.532502907502300005e+01 -8.476862940202199992e-01
1.168421052631578938e+01 1.227368421052631664e+00 1.626736986514800165e+01 -8.540925462546700153e-01
1.226315789473684248e+01 1.227368421052631664e+00 1.721015055995200171e+01 -8.599615251490999590e-01
1.284210526315789558e+01 1.227368421052631664e+00 1.815333846956000130e+01 -8.653579400254499676e-01
1.342105263157894868e+01 1.227368421052631664e+00 1.909690235937999958e+01 -8.703365579230899485e-01
1.400000000000000000e+01 1.227368421052631664e+00 2.004081294862499973e+01 -8.749440281763599669e-01
3.000000000000000000e+00 1.303157894736842071e+00 2.019594383688299910e+00 -6.387773421718699884e-01
3.578947368421052655e+00 1.303157894736842071e+00 3.048163434391800042e+00 -6.464307908784400203e-01
4.157894736842105310e+00 1.303157894736842071e+00 4.019834927166900052e+00 -6.739419610658300419e-01
4.736842105263157521e+00 1.303157894736842071e+00 4.971149100730100301e+00 -7.006798696995499842e-01
5.315789473684210620e+00 1.303157894736842071e+00 5.913989447374600417e+00 -7.242283009230100488e-01
5.894736842105263719e+00 1.303157894736842071e+00 6.853163395528600432e+00 -7.446134361716100214e-01
6.473684210526315930e+00 1.303157894736842071e+00 7.790856248536299766e+00 -7.622707640419299491e-01
7.052631578947368141e+00 1.303157894736842071e+00 8.728127308122600070e+00 -7.776509935764700510e-01
7.631578947368421240e+00 1.303157894736842071e+00 9.665504680747600830e+00 -7.911405448681999575e-01
8.210526315789474339e+00 1.303157894736842071e+00 1.060324966265300084e+01 -8.030547478150800167e-01
8.789473684210527438e+00 1.303157894736842071e+00 1.154148389192599922e+01 -8.136476310050599903e-01
9.368421052631578760e+00 1.303157894736842071e+00 1.248025413120100069e+01 -8.231238428360699855e-01
9.947368421052631859e+00 1.303157894736842071e+00 1.341956671403299950e+01 -8.316490931685700527e-01
1.052631578947368496e+01 1.303157894736842071e+00 1.435940643881700041e+01 -8.393585185073899613e-01
1.110526315789473628e+01 1.303157894736842071e+00 1.529974715362400062e+01 -8.463631819141299584e-01
1.168421052631578938e+01 1.303157894736842071e+00 1.624055775448400141e+01 -8.527550775619699985e-01
1.226315789473684248e+01 1.303157894736842071e+00 1.718180558733200058e+01 -8.586109843303999511e-01
1.284210526315789558e+01 1.303157894736842071e+00 1.812345835217299950e+01 -8.639954462221699494e-01
1.342105263157894868e+01 1.303157894736842071e+00 1.906548513186099925e+01 -8.689630922956399495e-01
1.400000000000000000e+01 1.303157894736842071e+00 2.000785690650999982e+01 -8.735604557597700381e-01
3.000000000000000000e+00 1.378947368421052477e+00 2.013475271607899852e+00 -6.385154000475999903e-01
3.578947368421052655e+00 1.378947368421052477e+00 3.041255504925600039e+00 -6.456896418327899845e-01
4.157894736842105310e+00 1.378947368421052477e+00 4.011718116023300418e+00 -6.730374345548599813e-01
4.736842105263157521e+00 1.378947368421052477e+00 4.961663805367500402e+00 -6.996750931925299621e-01
5.315789473684210620e+00 1.378947368421052477e+00 5.903054446479999662e+00 -7.231497984830500547e-01
5.894736842105263719e+00 1.378947368421052477e+00 6.840730463730499977e+00 -7.434765801004300512e-01
6.473684210526315930e+00 1.378947368421052477e+00 7.776893934401999608e+00 -7.610859323115599651e-01
7.052631578947368141e+00 1.378947368421052477e+00 8.712613763423400215e+00 -7.764257738309700008e-01
7.631578947368421240e+00 1.378947368421052477e+00 9.648424021917900717e+00 -7.898807508473399963e-01
8.210526315789474339e+00 1.378947368421052477e+00 1.058458993737600018e+01 -8.017649734453400345e-01
8.789473684210527438e+00 1.378947368421052477e+00 1.152123585868999989e+01 -8.123315877200999457e-01
9.368421052631578760e+00 1.378947368421052477e+00 1.245841048559099917e+01 -8.217845807421400028e-01
9.947368421052631859e+00 1.378947368421052477e+00 1.339612157634200074e+01 -8.302891537225099983e-01
1.052631578947368496e+01 1.378947368421052477e+00 1.433435500262100071e+01 -8.379800439465200368e-01
1.110526315789473628e+01 1.378947368421052477e+00 1.527308543746599945e+01 -8.449679959475200342e-01
1.168421052631578938e+01 1.378947368421052477e+00 1.621228242220599824e+01 -8.513447462356900086e-01
1.226315789473684248e+01 1.378947368421052477e+00 1.715191381505099955e+01 -8.571868627790999451e-01
1.284210526315789558e+01 1.378947368421052477e+00 1.809194772798300122e+01 -8.625587151416499454e-01
1.342105263157894868e+01 1.378947368421052477e+00 1.903235357936700112e+01 -8.675147867987500483e-01
1.400000000000000000e+01 1.378947368421052477e+00 1.997310262514999835e+01 -8.721014884446000037e-01
3.000000000000000000e+00 1.454736842105263106e+00 2.007032261547299967e+00 -6.382471802011999706e-01
3.578947368421052655e+00 1.454736842105263106e+00 3.033989668594999856e+00 -6.449121995390300066e-01
4.157894736842105310e+00 1.454736842105263106e+00 4.003184072919199643e+00 -6.720875351988500057e-01
4.736842105263157521e+00 1.454736842105263106e+00 4.951692728449399894e+00 -6.986196074125500255e-01
5.315789473684210620e+00 1.454736842105263106e+00 5.891560534785099890e+00 -7.220167299372000080e-01
5.894736842105263719e+00 1.454736842105263106e+00 6.827662815721099676e+00 -7.422821296771100474e-01
6.473684210526315930e+00 1.454736842105263106e+00 7.762219372473500023e+00 -7.598410269488700131e-01
7.052631578947368141e+00 1.454736842105263106e+00 8.696309249796900787e+00 -7.751383983138799838e-01
7.631578947368421240e+00 1.454736842105263106e+00 9.630472813430200674e+00 -7.885570213105099757e-01
8.210526315789474339e+00 1.454736842105263106e+00 1.056497943785799976e+01 -8.004097218304500050e-01
8.789473684210527438e+00 1.454736842105263106e+00 1.149995633066200007e+01 -8.109487172618800033e-01
9.368421052631578760e+00 1.454736842105263106e+00 1.243545423376600034e+01 -8.203772988932199750e-01
9.947368421052631859e+00 1.454736842105263106e+00 1.337148240717499981e+01 -8.288601328837199578e-01
1.052631578947368496e+01 1.454736842105263106e+00 1.430802785361299989e+01 -8.365315366257499718e-01
1.110526315789473628e+01 1.454736842105263106e+00 1.524506611552700086e+01 -8.435019196693900323e-01
1.168421052631578938e+01 1.454736842105263106e+00 1.618256741395600073e+01 -8.498627475554599853e-01
1.226315789473684248e+01 1.454736842105263106e+00 1.712050014679699927e+01 -8.556903664682800059e-01
1.284210526315789558e+01 1.454736842105263106e+00 1.805883286020799972e+01 -8.610489625584000217e-01
1.342105263157894868e+01 1.454736842105263106e+00 1.899753532568200143e+01 -8.659928662103999475e-01
1.400000000000000000e+01 1.454736842105263106e+00 1.993657908975299975e+01 -8.705683593045100421e-01
3.000000000000000000e+00 1.530526315789473735e+00 2.000268705203700037e+00 -6.379740969275999873e-01
3.578947368421052655e+00 1.530526315789473735e+00 3.026370951422900024e+00 -6.440993377955099852e-01
4.157894736842105310e+00 1.530526315789473735e+00 3.994239223720200016e+00 -6.710931544888000255e-01
4.736842105263157521e+00 1.530526315789473735e+00 4.941243658460900079e+00 -6.975143535647799764e-01
5.315789473684210620e+00 1.530526315789473735e+00 5.879516863528399639e+00 -7.208300840368699891e-01
5.894736842105263719e+00 1.530526315789473735e+00 6.813970972628299982e+00 -7.410311152104900323e-01
6.473684210526315930e+00 1.530526315789473735e+00 7.746844461535800086e+00 -7.585371140938900192e-01
7.052631578947368141e+00 1.530526315789473735e+00 8.679227050615200056e+00 -7.737899641315000299e-01
7.631578947368421240e+00 1.530526315789473735e+00 9.611665729120899115e+00 -7.871704802990799887e-01
8.210526315789474339e+00 1.530526315789473735e+00 1.054443423333600016e+01 -7.989901406140299533e-01
8.789473684210527438e+00 1.530526315789473735e+00 1.147766277652299927e+01 -8.095001881025100099e-01
9.368421052631578760e+00 1.530526315789473735e+00 1.241140424730600067e+01 -8.189031842697900299e-01
9.947368421052631859e+00 1.530526315789473735e+00 1.334566948385299945e+01 -8.273632341784600275e-01
1.052631578947368496e+01 1.530526315789473735e+00 1.428044667735500006e+01 -8.350142149516900369e-01
1.110526315789473628e+01 1.530526315789473735e+00 1.521571228354699912e+01 -8.419661849282500388e-01
1.168421052631578938e+01 1.530526315789473735e+00 1.615143723754999883e+01 -8.483103255819000044e-01
1.226315789473684248e+01 1.530526315789473735e+00 1.708759050404900037e+01 -8.541227505989800184e-01
1.284210526315789558e+01 1.530526315789473735e+00 1.802414108510999924e+01 -8.594674538632900429e-01
1.342105263157894868e+01 1.530526315789473735e+00 1.896105912325199938e+01 -8.643986052975699552e-01
1.400000000000000000e+01 1.530526315789473735e+00 1.989831647006300130e+01 -8.689623517570199684e-01
3.000000000000000000e+00 1.606315789473684141e+00 1.993188066700900096e+00 -6.376976441075300484e-01
3.578947368421052655e+00 1.606315789473684141e+00 3.018404564388700084e+00 -6.432519649959800301e-01
4.157894736842105310e+00 1.606315789473684141e+00 3.984890233174199992e+00 -6.700552174735400213e-01
4.736842105263157521e+00 1.606315789473684141e+00 4.930324673785100309e+00 -6.963603079146200026e-01
5.315789473684210620e+00 1.606315789473684141e+00 5.866932924465399601e+00 -7.195908862441500187e-01
5.894736842105263719e+00 1.606315789473684141e+00 6.799665846835499572e+00 -7.397246052133099603e-01
6.473684210526315930e+00 1.606315789473684141e+00 7.730781542591300237e+00 -7.571752993942000298e-01
7.052631578947368141e+00 1.606315789473684141e+00 8.661380942706999875e+00 -7.723816090315599459e-01
7.631578947368421240e+00 1.606315789473684141e+00 9.592017987735900419e+00 -7.857222934859799945e-01
8.210526315789474339e+00 1.606315789473684141e+00 1.052297098952499965e+01 -7.975074199382800044e-01
8.789473684210527438e+00 1.606315789473684141e+00 1.145437331327000052e+01 -8.079872119836899458e-01
9.368421052631578760e+00 1.606315789473684141e+00 1.238628009797199958e+01 -8.173634678030300416e-01
9.947368421052631859e+00 1.606315789473684141e+00 1.331870383591400042e+01 -8.257997056960300064e-01
1.052631578947368496e+01 1.606315789473684141e+00 1.425163396368900059e+01 -8.334293424414900286e-01
1.110526315789473628e+01 1.606315789473684141e+00 1.518504789386000020e+01 -8.403620691869799764e-01
1.168421052631578938e+01 1.606315789473684141e+00 1.611891730960099878e+01 -8.466887704386999447e-01
1.226315789473684248e+01 1.606315789473684141e+00 1.705321176936899974e+01 -8.524853168457899866e-01
1.284210526315789558e+01 1.606315789473684141e+00 1.798790075264999899e+01 -8.578155013108099691e-01
1.342105263157894868e+01 1.606315789473684141e+00 1.892295479045899853e+01 -8.627333260282500360e-01
1.400000000000000000e+01 1.606315789473684141e+00 1.985834605379899998e+01 -8.672847967191400498e-01
3.000000000000000000e+00 1.682105263157894548e+00 1.985793913346600048e+00 -6.374193964392299572e-01
3.578947368421052655e+00 1.682105263157894548e+00 3.010095891983100014e+00 -6.423710225020899944e-01
4.157894736842105310e+00 1.682105263157894548e+00 3.975143990643799974e+00 -6.689746808431500380e-01
4.736842105263157521e+00 1.682105263157894548e+00 4.918944125478599716e+00 -6.951584797116200365e-01
5.315789473684210620e+00 1.682105263157894548e+00 5.853818529610400390e+00 -7.183001965370400255e-01
5.894736842105263719e+00 1.682105263157894548e+00 6.784758718667999844e+00 -7.383637041076099861e-01
6.473684210526315930e+00 1.682105263157894548e+00 7.714043372506499630e+00 -7.557567256269900335e-01
7.052631578947368141e+00 1.682105263157894548e+00 8.642785166867700042e+00 -7.709145089539199969e-01
7.631578947368421240e+00 1.682105263157894548e+00 9.571545320291100722e+00 -7.842136656639200343e-01
8.210526315789474339e+00 1.682105263157894548e+00 1.050060693295599989e+01 -7.959627898826999726e-01
8.789473684210527438e+00 1.682105263157894548e+00 1.143010666726400082e+01 -8.064110413012399725e-01
9.368421052631578760e+00 1.682105263157894548e+00 1.236010201572499945e+01 -8.157594217232100320e-01
9.947368421052631859e+00 1.682105263157894548e+00 1.329060719999099938e+01 -8.241708374002300053e-01
1.052631578947368496e+01 1.682105263157894548e+00 1.422161295849599938e+01 -8.317782250023899593e-01
1.110526315789473628e+01 1.682105263157894548e+00 1.515309770381800014e+01 -8.386908927624899812e-01
1.168421052631578938e+01 1.682105263157894548e+00 1.608503390094299945e+01 -8.449994155334600299e-01
1.226315789473684248e+01 1.682105263157894548e+00 1.701739172858599858e+01 -8.507794105482500147e-01
1.284210526315789558e+01 1.682105263157894548e+00 1.795014116511200086e+01 -8.560944611672199889e-01
1.342105263157894868e+01 1.682105263157894548e+00 1.888325314739400085e+01 -8.609983947152799466e-01
1.400000000000000000e+01 1.682105263157894548e+00 1.981670018010299827e+01 -8.655370697750199849e-01
3.000000000000000000e+00 1.757894736842105177e+00 1.978089906195400038e+00 -6.371410108967600072e-01
3.578947368421052655e+00 1.757894736842105177e+00 3.001450480563600198e+00 -6.414574829968100467e-01
4.157894736842105310e+00 1.757894736842105177e+00 3.965007595600300139e+00 -6.678525309822099798e-01
4.736842105263157521e+00 1.757894736842105177e+00 4.907110619758300096e+00 -6.939099090803200198e-01
5.315789473684210620e+00 1.757894736842105177e+00 5.840183790668300290e+00 -7.169591071759999767e-01
5.894736842105263719e+00 1.757894736842105177e+00 6.769261212730699917e+00 -7.369495498915099585e-01
6.473684210526315930e+00 1.757894736842105177e+00 7.696643097182500171e+00 -7.542825702822999467e-01
7.052631578947368141e+00 1.757894736842105177e+00 8.623454397894899870e+00 -7.693898755420299773e-01
7.631578947368421240e+00 1.757894736842105177e+00 9.550263936979799695e+00 -7.826458381957900334e-01
8.210526315789474339e+00 1.757894736842105177e+00 1.047735981463499932e+01 -7.943575178574999729e-01
8.789473684210527438e+00 1.757894736842105177e+00 1.140488213491300051e+01 -8.047729664601900312e-01
9.368421052631578760e+00 1.757894736842105177e+00 1.233289084607100072e+01 -8.140923568652500553e-01
9.947368421052631859e+00 1.757894736842105177e+00 1.326140197391699971e+01 -8.224779583948099715e-01
1.052631578947368496e+01 1.757894736842105177e+00 1.419040761464099987e+01 -8.300622081657299534e-01
1.110526315789473628e+01 1.757894736842105177e+00 1.511988722368299953e+01 -8.369540160374000504e-01
1.168421052631578938e+01 1.757894736842105177e+00 1.604981408105900087e+01 -8.432436347276599520e-01
1.226315789473684248e+01 1.757894736842105177e+00 1.698015901224500013e+01 -8.490064178679900264e-01
1.284210526315789558e+01 1.757894736842105177e+00 1.791089251555499828e+01 -8.543057308555800367e-01
1.342105263157894868e+01 1.757894736842105177e+00 1.884198595092700046e+01 -8.591952191312099973e-01
1.400000000000000000e+01 1.757894736842105177e+00 1.977341217079500169e+01 -8.637205882407700264e-01
3.000000000000000000e+00 1.833684210526315805e+00 1.970079790456400026e+00 -6.368642284444400170e-01
3.578947368421052655e+00 1.833684210526315805e+00 2.992474026555299815e+00 -6.405123488260699993e-01
4.157894736842105310e+00 1.833684210526315805e+00 3.954488342930900124e+00 -6.666897820004199504e-01
4.736842105263157521e+00 1.833684210526315805e+00 4.894833000264200429e+00 -6.926156648878200039e-01
5.315789473684210620e+00 1.833684210526315805e+00 5.826039098193300347e+00 -7.155687404455399747e-01
5.894736842105263719e+00 1.833684210526315805e+00 6.753185273911499920e+00 -7.354833117792599628e-01
6.473684210526315930e+00 1.833684210526315805e+00 7.678594224418300307e+00 -7.527540431171000357e-01
7.052631578947368141e+00 1.833684210526315805e+00 8.603403714300300820e+00 -7.678089536250900515e-01
7.631578947368421240e+00 1.833684210526315805e+00 9.528190493664400407e+00 -7.810200864338699978e-01
8.210526315789474339e+00 1.833684210526315805e+00 1.045324787336000050e+01 -7.926929059694399760e-01
8.789473684210527438e+00 1.833684210526315805e+00 1.137871954256599949e+01 -8.030743131832199788e-01
9.368421052631578760e+00 1.833684210526315805e+00 1.230466800686000006e+01 -8.123636199408700298e-01
9.947368421052631859e+00 1.833684210526315805e+00 1.323111117031499973e+01 -8.207224341587100458e-01
1.052631578947368496e+01 1.833684210526315805e+00 1.415804254230400083e+01 -8.282826742863299563e-01
1.110526315789473628e+01 1.833684210526315805e+00 1.508544266353299967e+01 -8.351528366187099817e-01
1.168421052631578938e+01 1.833684210526315805e+00 1.601328566205700099e+01 -8.414228394844099901e-01
1.226315789473684248e+01 1.833684210526315805e+00 1.694154303618600110e+01 -8.471677629030599510e-01
1.284210526315789558e+01 1.833684210526315805e+00 1.787018582507900177e+01 -8.524507460435699624e-01
1.342105263157894868e+01 1.833684210526315805e+00 1.879918582875999888e+01 -8.573252455769500013e-01
1.400000000000000000e+01 1.833684210526315805e+00 1.972851626129299873e+01 -8.618368082193199609e-01
3.000000000000000000e+00 1.909473684210526212e+00 1.961767385757299920e+00 -6.365908760289400448e-01
3.578947368421052655e+00 1.909473684210526212e+00 2.983172364534099952e+00 -6.395366503323900442e-01
4.157894736842105310e+00 1.909473684210526212e+00 3.943593708115399998e+00 -6.654874737458800205e-01
4.736842105263157521e+00 1.909473684210526212e+00 4.882120330179099632e+00 -6.912768425887300117e-01
5.315789473684210620e+00 1.909473684210526212e+00 5.811395100570999617e+00 -7.141302463770600184e-01
5.894736842105263719e+00 1.909473684210526212e+00 6.736543143215100393e+00 -7.339661878206600321e-01
6.473684210526315930e+00 1.909473684210526212e+00 7.659910596542800043e+00 -7.511723836892499895e-01
7.052631578947368141e+00 1.909473684210526212e+00 8.582648567694800334e+00 -7.661730186779399654e-01
7.631578947368421240e+00 1.909473684210526212e+00 9.505342058059200738e+00 -7.793377171167099604e-01
8.210526315789474339e+00 1.909473684210526212e+00 1.042828979863999983e+01 -7.909702883622800051e-01
8.789473684210527438e+00 1.909473684210526212e+00 1.135163920633000068e+01 -8.013164398092800234e-01
9.368421052631578760e+00 1.909473684210526212e+00 1.227545544482599915e+01 -8.105745907930399508e-01
9.947368421052631859e+00 1.909473684210526212e+00 1.319975836985200068e+01 -8.189056637605900413e-01
1.052631578947368496e+01 1.909473684210526212e+00 1.412454295899500067e+01 -8.264410397246200191e-01
1.110526315789473628e+01 1.909473684210526212e+00 1.504979088014400013e+01 -8.332887864958999913e-01
1.168421052631578938e+01 1.909473684210526212e+00 1.597547714207300018e+01 -8.395384759869799485e-01
1.226315789473684248e+01 1.909473684210526212e+00 1.690157394167399829e+01 -8.452649047806799487e-01
1.284210526315789558e+01 1.909473684210526212e+00 1.782805287973500086e+01 -8.505309777155799500e-01
1.342105263157894868e+01 1.909473684210526212e+00 1.875488621300599945e+01 -8.553899559293299815e-01
1.400000000000000000e+01 1.909473684210526212e+00 1.968204753102800098e+01 -8.598872216344900510e-01
3.000000000000000000e+00 1.985263157894736619e+00 1.953156576323100024e+00 -6.363228688942800249e-01
3.578947368421052655e+00 1.985263157894736619e+00 2.973551455238399921e+00 -6.385314441907700145e-01
4.157894736842105310e+00 1.985263157894736619e+00 3.932331332324400019e+00 -6.642466698134900094e-01
4.736842105263157521e+00 1.985263157894736619e+00 4.868981874247399588e+00 -6.898945620653500477e-01
5.315789473684210620e+00 1.985263157894736619e+00 5.796262682911000219e+00 -7.126448004593000096e-01
5.894736842105263719e+00 1.985263157894736619e+00 6.719347333466100025e+00 -7.323994025100299954e-01
6.473684210526315930e+00 1.985263157894736619e+00 7.640606362916299688e+00 -7.495388588801700225e-01
7.052631578947368141e+00 1.985263157894736619e+00 8.561204752074900171e+00 -7.644833742704799651e-01
7.631578947368421240e+00 1.985263157894736619e+00 9.481736075747100756e+00 -7.776000657540800276e-01
8.210526315789474339e+00 1.985263157894736619e+00 1.040250469352299945e+01 -7.891910285491100518e-01
8.789473684210527438e+00 1.985263157894736619e+00 1.132366189160400083e+01 -7.995007345750899663e-01
9.368421052631578760e+00 1.985263157894736619e+00 1.224527559175199976e+01 -8.087266796292099658e-01
9.947368421052631859e+00 1.985263157894736619e+00 1.316736767424700005e+01 -8.170290770599499819e-01
1.052631578947368496e+01 1.985263157894736619e+00 1.408993463920499956e+01 -8.245387520079500154e-01
1.110526315789473628e+01 1.985263157894736619e+00 1.501295932331399996e+01 -8.313633291686599591e-01
1.168421052631578938e+01 1.985263157894736619e+00 1.593641764832499952e+01 -8.375920222391900483e-01
1.226315789473684248e+01 1.985263157894736619e+00 1.686028253526599840e+01 -8.432993347373599624e-01
1.284210526315789558e+01 1.985263157894736619e+00 1.778452616699500055e+01 -8.485479292238999882e-01
1.342105263157894868e+01 1.985263157894736619e+00 1.870912127351899912e+01 -8.533908646788099794e-01
1.400000000000000000e+01 1.985263157894736619e+00 1.963404183342800025e+01 -8.578733532454799748e-01
3.000000000000000000e+00 2.061052631578947469e+00 1.944251301072100091e+00 -6.360622132420700181e-01
3.578947368421052655e+00 2.061052631578947469e+00 2.963617373550799794e+00 -6.374978117538500078e-01
4.157894736842105310e+00 2.061052631578947469e+00 3.920709007490299935e+00 -6.629684555489400166e-01
4.736842105263157521e+00 2.061052631578947469e+00 4.855427080771799631e+00 -6.884699654632000509e-01
5.315789473684210620e+00 2.061052631578947469e+00 5.780652945896299855e+00 -7.111136013486399898e-01
5.894736842105263719e+00 2.061052631578947469e+00 6.701610604984000297e+00 -7.307842043927700315e-01
6.473684210526315930e+00 2.061052631578947469e+00 7.620695952400300399e+00 -7.478547604151599693e-01
7.052631578947368141e+00 2.061052631578947469e+00 8.539088373077300176e+00 -7.627413495145699551e-01
7.631578947368421240e+00 2.061052631578947469e+00 9.457390336232499806e+00 -7.758084940119399642e-01
8.210526315789474339e+00 2.061052631578947469e+00 1.037591203731600054e+01 -7.873565167383900221e-01
8.789473684210527438e+00 2.061052631578947469e+00 1.129480877247200077e+01 -7.976286128900099692e-01
9.368421052631578760e+00 2.061052631578947469e+00 1.221415132075800081e+01 -8.068213242609300062e-01
9.947368421052631859e+00 2.061052631578947469e+00 1.313396365908599961e+01 -8.150941318971199889e-01
1.052631578947368496e+01 2.061052631578947469e+00 1.405424386409399951e+01 -8.225772869949200539e-01
1.110526315789473628e+01 2.061052631578947469e+00 1.497497598227099935e+01 -8.293779567801800034e-01
1.168421052631578938e+01 2.061052631578947469e+00 1.589613688033499983e+01 -8.355849851757000124e-01
1.226315789473684248e+01 2.061052631578947469e+00 1.681770022865000058e+01 -8.412725731982300115e-01
1.284210526315789558e+01 2.061052631578947469e+00 1.773963881226800154e+01 -8.465031333426199511e-01
1.342105263157894868e+01 2.061052631578947469e+00 1.866192585094999856e+01 -8.513295159528999623e-01
1.400000000000000000e+01 2.061052631578947469e+00 1.958453572565199963e+01 -8.557967576497700346e-01
3.000000000000000000e+00 2.136842105263157876e+00 1.935055543675600065e+00 -6.358110092843100025e-01
3.578947368421052655e+00 2.136842105263157876e+00 2.953376296484099939e+00 -6.364368574097000186e-01
4.157894736842105310e+00 2.136842105263157876e+00 3.908734661402100130e+00 -6.616539360598999719e-01
4.736842105263157521e+00 2.136842105263157876e+00 4.841465563645200199e+00 -6.870042150313000473e-01
5.315789473684210620e+00 2.136842105263157876e+00 5.764577184681900057e+00 -7.095378685835499466e-01
5.894736842105263719e+00 2.136842105263157876e+00 6.683345941312800242e+00 -7.291218636772900386e-01
6.473684210526315930e+00 2.136842105263157876e+00 7.600194045887199934e+00 -7.461214023895299530e-01
7.052631578947368141e+00 2.136842105263157876e+00 8.516315817293399704e+00 -7.609482965169900304e-01
7.631578947368421240e+00 2.136842105263157876e+00 9.432322938990699512e+00 -7.739643871008999865e-01
8.210526315789474339e+00 2.136842105263157876e+00 1.034853164845999984e+01 -7.854681671702099521e-01
8.789473684210527438e+00 2.136842105263157876e+00 1.126510139144100009e+01 -7.957015146288499707e-01
9.368421052631578760e+00 2.136842105263157876e+00 1.218210590261599968e+01 -8.048599873456200315e-01
9.947368421052631859e+00 2.136842105263157876e+00 1.309957132707899952e+01 -8.131023113082299636e-01
1.052631578947368496e+01 2.136842105263157876e+00 1.401749737128299955e+01 -8.205581460450299680e-01
1.110526315789473628e+01 2.136842105263157876e+00 1.493586933219100032e+01 -8.273341872557200549e-01
1.168421052631578938e+01 2.136842105263157876e+00 1.585466505303799956e+01 -8.335188977654399700e-01
1.226315789473684248e+01 2.136842105263157876e+00 1.677385897847999985e+01 -8.391861668555700149e-01
1.284210526315789558e+01 2.136842105263157876e+00 1.769342451565999852e+01 -8.443981493336499833e-01
1.342105263157894868e+01 2.136842105263157876e+00 1.861333539028100148e+01 -8.492074805641199875e-01
1.400000000000000000e+01 2.136842105263157876e+00 1.953356639891200075e+01 -8.536590163146700050e-01
3.000000000000000000e+00 2.212631578947368283e+00 1.925573322605800053e+00 -6.355714547288500160e-01
3.578947368421052655e+00 2.212631578947368283e+00 2.942834491213500048e+00 -6.353497069620599458e-01
4.157894736842105310e+00 2.212631578947368283e+00 3.896416342870800076e+00 -6.603042342397900111e-01
4.736842105263157521e+00 2.212631578947368283e+00 4.827107084468999609e+00 -6.854984909765400314e-01
5.315789473684210620e+00 2.212631578947368283e+00 5.748046867904400337e+00 -7.079188403122299578e-01
5.894736842105263719e+00 2.212631578947368283e+00 6.664566525068400082e+00 -7.274136698612100327e-01
6.473684210526315930e+00 2.212631578947368283e+00 7.579115548979600270e+00 -7.443401188087900300e-01
7.052631578947368141e+00 2.212631578947368283e+00 8.492903721733100042e+00 -7.591055878464699758e-01
7.631578947368421240e+00 2.212631578947368283e+00 9.406552259746399969e+00 -7.720691511810600094e-01
8.210526315789474339e+00 2.212631578947368283e+00 1.032038364753599957e+01 -7.835274154642100086e-01
8.789473684210527438e+00 2.212631578947368283e+00 1.123456161910999995e+01 -7.937209014263799656e-01
9.368421052631578760e+00 2.212631578947368283e+00 1.214916296230100023e+01 -8.028441536446599969e-01
9.947368421052631859e+00 2.212631578947368283e+00 1.306421606124600032e+01 -8.110551207383099870e-01
1.052631578947368496e+01 2.212631578947368283e+00 1.397972230490099932e+01 -8.184828532037899951e-01
1.110526315789473628e+01 2.212631578947368283e+00 1.489566828098399931e+01 -8.252335614564799693e-01
1.168421052631578938e+01 2.212631578947368283e+00 1.581203284043500013e+01 -8.313953161441599571e-01
1.226315789473684248e+01 2.212631578947368283e+00 1.672879122679099950e+01 -8.370416857764599872e-01
1.284210526315789558e+01 2.212631578947368283e+00 1.764591748899099954e+01 -8.422345600243299479e-01
1.342105263157894868e+01 2.212631578947368283e+00 1.856338587453199906e+01 -8.470263530635000482e-01
1.400000000000000000e+01 2.212631578947368283e+00 1.948117160872800113e+01 -8.514617346018099608e-01
3.000000000000000000e+00 2.288421052631578689e+00 1.915808681192699980e+00 -6.353458487417299461e-01
3.578947368421052655e+00 2.288421052631578689e+00 2.931998303193000144e+00 -6.342375060397500430e-01
4.157894736842105310e+00 2.288421052631578689e+00 3.883762207013000012e+00 -6.589204888083799450e-01
4.736842105263157521e+00 2.288421052631578689e+00 4.812361534825500442e+00 -6.839539893349000366e-01
5.315789473684210620e+00 2.288421052631578689e+00 5.731073616865900000e+00 -7.062577710404399634e-01
5.894736842105263719e+00 2.288421052631578689e+00 6.645285714020199741e+00 -7.256609293769300528e-01
6.473684210526315930e+00 2.288421052631578689e+00 7.557475564905799637e+00 -7.425122611506500547e-01
7.052631578947368141e+00 2.288421052631578689e+00 8.468868943589800580e+00 -7.572146140238500411e-01
7.631578947368421240e+00 2.288421052631578689e+00 9.380096917037700877e+00 -7.701242107896300038e-01
8.210526315789474339e+00 2.288421052631578689e+00 1.029148842067600000e+01 -7.815357159946100252e-01
8.789473684210527438e+00 2.288421052631578689e+00 1.120321161443400015e+01 -7.916882540078999941e-01
9.368421052631578760e+00 2.288421052631578689e+00 1.211534643601400063e+01 -8.007753273095099544e-01
9.947368421052631859e+00 2.288421052631578689e+00 1.302792357869500073e+01 -8.089540852887699973e-01
1.052631578947368496e+01 2.288421052631578689e+00 1.394094616617399929e+01 -8.163529524178300134e-01
1.110526315789473628e+01 2.288421052631578689e+00 1.485440211666699994e+01 -8.230776403646700157e-01
1.168421052631578938e+01 2.288421052631578689e+00 1.576827131964899920e+01 -8.292158167669599900e-01
1.226315789473684248e+01 2.288421052631578689e+00 1.668252984177300036e+01 -8.348407205281900278e-01
1.284210526315789558e+01 2.288421052631578689e+00 1.759715239329700154e+01 -8.400139689072799731e-01
1.342105263157894868e+01 2.288421052631578689e+00 1.851211375915499957e+01 -8.447877488261900103e-01
1.400000000000000000e+01 2.288421052631578689e+00 1.942738960620700084e+01 -8.492065388396300429e-01
3.000000000000000000e+00 2.364210526315789096e+00 1.905765677726199980e+00 -6.351365964417500232e-01
3.578947368421052655e+00 2.364210526315789096e+00 2.920874144381000015e+00 -6.331014185354599810e-01
4.157894736842105310e+00 2.364210526315789096e+00 3.870780500694699811e+00 -6.575038523810400326e-01
4.736842105263157521e+00 2.364210526315789096e+00 4.797238918744599623e+00 -6.823719198701000410e-01
5.315789473684210620e+00 2.364210526315789096e+00 5.713669184965800341e+00 -7.045559294049700272e-01
5.894736842105263719e+00 2.364210526315789096e+00 6.625517017415299748e+00 -7.238649632672700118e-01
6.473684210526315930e+00 2.364210526315789096e+00 7.535289367751800249e+00 -7.406391959561200444e-01
7.052631578947368141e+00 2.364210526315789096e+00 8.444228530343600880e+00 -7.552767810420599748e-01
7.631578947368421240e+00 2.364210526315789096e+00 9.352975739169000491e+00 -7.681310062991499876e-01
8.210526315789474339e+00 2.364210526315789096e+00 1.026186658332700041e+01 -7.794945392934099493e-01
8.789473684210527438e+00 2.364210526315789096e+00 1.117107378530799977e+01 -7.896050695438200373e-01
9.368421052631578760e+00 2.364210526315789096e+00 1.208068052855299968e+01 -7.986550291930299972e-01
9.947368421052631859e+00 2.364210526315789096e+00 1.299071988487400020e+01 -8.068007469938099918e-01
1.052631578947368496e+01 2.364210526315789096e+00 1.390119676445899977e+01 -8.141700047759899972e-01
1.110526315789473628e+01 2.364210526315789096e+00 1.481210045519599916e+01 -8.208680022936599707e-01
1.168421052631578938e+01 2.364210526315789096e+00 1.572341191555299922e+01 -8.269819935904799690e-01
1.226315789473684248e+01 2.364210526315789096e+00 1.663510805931399972e+01 -8.325848793404300174e-01
1.284210526315789558e+01 2.364210526315789096e+00 1.754716427716499894e+01 -8.377379972795699903e-01
1.342105263157894868e+01 2.364210526315789096e+00 1.845955590697100135e+01 -8.424933011592400378e-01
1.400000000000000000e+01 2.364210526315789096e+00 1.937225906997500147e+01 -8.468950734217099985e-01
3.000000000000000000e+00 2.439999999999999947e+00 1.895448375621000103e+00 -6.349462139815299500e-01
3.578947368421052655e+00 2.439999999999999947e+00 2.909468481624600145e+00 -6.319426250911499565e-01
4.157894736842105310e+00 2.439999999999999947e+00 3.857479548178099904e+00 -6.560554895632400019e-01
4.736842105263157521e+00 2.439999999999999947e+00 4.781749335424700043e+00 -6.807535040033000362e-01
5.315789473684210620e+00 2.439999999999999947e+00 5.695845437415400170e+00 -7.028145959827200029e-01
5.894736842105263719e+00 2.439999999999999947e+00 6.605274072679099717e+00 -7.220271048940699599e-01
6.473684210526315930e+00 2.439999999999999947e+00 7.512572376083699766e+00 -7.387223024567000085e-01
7.052631578947368141e+00 2.439999999999999947e+00 8.418999690289100002e+00 -7.532935079228499919e-01
7.631578947368421240e+00 2.439999999999999947e+00 9.325207731689200585e+00 -7.660909914150699773e-01
8.210526315789474339e+00 2.439999999999999947e+00 1.023153894463600011e+01 -7.774053694958900085e-01
8.789473684210527438e+00 2.439999999999999947e+00 1.113817074983800026e+01 -7.874728590494900482e-01
9.368421052631578760e+00 2.439999999999999947e+00 1.204518967147899922e+01 -7.964847942086500376e-01
9.947368421052631859e+00 2.439999999999999947e+00 1.295263122867999961e+01 -8.045966621470800328e-01
1.052631578947368496e+01 2.439999999999999947e+00 1.386050216910500055e+01 -8.119355857971000123e-01
1.110526315789473628e+01 2.439999999999999947e+00 1.476879318919900008e+01 -8.186062401462099736e-01
1.168421052631578938e+01 2.439999999999999947e+00 1.567748634642600081e+01 -8.246954553075399597e-01
1.226315789473684248e+01 2.439999999999999947e+00 1.658655942539899897e+01 -8.302757853101300212e-01
1.284210526315789558e+01 2.439999999999999947e+00 1.749598851607800043e+01 -8.354082814296399651e-01
1.342105263157894868e+01 2.439999999999999947e+00 1.840574952462500136e+01 -8.401446584813100360e-01
1.400000000000000000e+01 2.439999999999999947e+00 1.931581903901500041e+01 -8.445289979436400030e-01
