0.000000000000000000e+00 1.000000000000000000e+00
2.500000000000000052e-04 9.999783959323155225e-01
5.000000000000000104e-04 9.999135859306139684e-01
7.500000000000000156e-04 9.998055677935434593e-01
1.000000000000000021e-03 9.996571746610174447e-01
1.250000000000000026e-03 9.994641116954513516e-01
1.500000000000000031e-03 9.992281443810806518e-01
1.750000000000000036e-03 9.989492749192567800e-01
2.000000000000000042e-03 9.986152527865785888e-01
2.250000000000000264e-03 9.982509334475072604e-01
2.500000000000000052e-03 9.978453409613990965e-01
2.749999999999999840e-03 9.973984731269028847e-01
3.000000000000000062e-03 9.969332107958126521e-01
3.250000000000000284e-03 9.964038252848183008e-01
3.500000000000000073e-03 9.958347890231479260e-01
3.749999999999999861e-03 9.952261042121536283e-01
4.000000000000000083e-03 9.946098401465194305e-01
4.250000000000000305e-03 9.939222236612949013e-01
4.500000000000000527e-03 9.931969992799708491e-01
4.749999999999999882e-03 9.924341670025471629e-01
5.000000000000000104e-03 9.916708130047198200e-01
5.250000000000000326e-03 9.908333923203924698e-01
5.499999999999999681e-03 9.899607213878651724e-01
5.749999999999999903e-03 9.890528046098423509e-01
6.000000000000000125e-03 9.881498628871449030e-01
6.250000000000000347e-03 9.871722733210424039e-01
6.500000000000000569e-03 9.861620046857756394e-01
6.749999999999999924e-03 9.851190547799930641e-01
7.000000000000000146e-03 9.840850467656850897e-01
7.250000000000000368e-03 9.829777029137126698e-01
7.499999999999999722e-03 9.818403370243364847e-01
7.749999999999999944e-03 9.806729512989081909e-01
8.000000000000000167e-03 9.795168342939279960e-01
8.250000000000000389e-03 9.782904589412592111e-01
8.500000000000000611e-03 9.770367031734831231e-01
8.750000000000000833e-03 9.757555691919521657e-01
9.000000000000001055e-03 9.744863489269800505e-01
9.249999999999999542e-03 9.731515305763213108e-01
9.499999999999999764e-03 9.717918501571450873e-01
9.749999999999999986e-03 9.704073076694516020e-01
1.000000000000000021e-02 9.690336574710289863e-01
1.025000000000000043e-02 9.676004342871082908e-01
1.050000000000000065e-02 9.661446384406608967e-01
1.075000000000000087e-02 9.646662721330386825e-01
1.099999999999999936e-02 9.631961608950942999e-01
1.124999999999999958e-02 9.616736178572610205e-01
1.149999999999999981e-02 9.601304833736236111e-01
1.175000000000000003e-02 9.585667552428306371e-01
1.200000000000000025e-02 9.570070864049666781e-01
1.225000000000000047e-02 9.554030185003485887e-01
1.250000000000000069e-02 9.537799441233044684e-01
1.275000000000000092e-02 9.521378632738344283e-01
1.300000000000000114e-02 9.504941468198923049e-01
1.324999999999999963e-02 9.488147376460157600e-01
1.349999999999999985e-02 9.471174468905413368e-01
1.375000000000000007e-02 9.454022767548211359e-01
1.400000000000000029e-02 9.436783320303714362e-01
1.425000000000000051e-02 9.419278830288765336e-01
1.450000000000000074e-02 9.401601556162083595e-01
1.475000000000000096e-02 9.383751497923669138e-01
1.499999999999999944e-02 9.365728171276098690e-01
1.524999999999999967e-02 9.347535054355395889e-01
1.549999999999999989e-02 9.329169373458152670e-01
1.575000000000000011e-02 9.310631084557327020e-01
1.600000000000000033e-02 9.291820092181390933e-01
1.625000000000000056e-02 9.272936587273404863e-01
1.650000000000000078e-02 9.253874420644074839e-01
1.675000000000000100e-02 9.234633570279880965e-01
1.700000000000000122e-02 9.215006492722368492e-01
1.725000000000000144e-02 9.195405347090402914e-01
1.750000000000000167e-02 9.175612595787837611e-01
1.775000000000000189e-02 9.155628238814674802e-01
1.800000000000000211e-02 9.135130042277732620e-01
1.824999999999999886e-02 9.114756420245607726e-01
1.849999999999999908e-02 9.094171028159352410e-01
1.874999999999999931e-02 9.073373821991925769e-01
1.899999999999999953e-02 9.051920811075784279e-01
1.924999999999999975e-02 9.030690576973345873e-01
1.949999999999999997e-02 9.009220615647467456e-01
1.975000000000000019e-02 8.987510905084629131e-01
2.000000000000000042e-02 8.964989093787179009e-01
2.025000000000000064e-02 8.942786830733571168e-01
2.050000000000000086e-02 8.920308738285134265e-01
2.075000000000000108e-02 8.897554772414827395e-01
2.100000000000000130e-02 8.873818343185282398e-01
2.125000000000000153e-02 8.850495702075020787e-01
2.150000000000000175e-02 8.826852522112551558e-01
2.175000000000000197e-02 8.802888803297881370e-01
2.199999999999999872e-02 8.777759050387856643e-01
2.224999999999999895e-02 8.753133120890398411e-01
2.249999999999999917e-02 8.728133027608111494e-01
2.274999999999999939e-02 8.702758792554511347e-01
2.299999999999999961e-02 8.676023637720609027e-01
2.324999999999999983e-02 8.649875583442184768e-01
2.350000000000000006e-02 8.623290670876414543e-01
2.375000000000000028e-02 8.596268855996264113e-01
2.400000000000000050e-02 8.567683156689335222e-01
2.425000000000000072e-02 8.539757488726793522e-01
2.450000000000000094e-02 8.511323088336916198e-01
2.475000000000000117e-02 8.482379933506183356e-01
2.500000000000000139e-02 8.451666891736554499e-01
2.525000000000000161e-02 8.421671424650348792e-01
2.550000000000000183e-02 8.391086479548598431e-01
2.575000000000000205e-02 8.359912078444822203e-01
2.600000000000000228e-02 8.326766366702015310e-01
2.624999999999999903e-02 8.294373451273255871e-01
2.649999999999999925e-02 8.261302189252183181e-01
2.674999999999999947e-02 8.227552602652312697e-01
2.699999999999999969e-02 8.191645515068523009e-01
2.724999999999999992e-02 8.156495032137591750e-01
2.750000000000000014e-02 8.120570531860161756e-01
2.775000000000000036e-02 8.083871992222712022e-01
2.800000000000000058e-02 8.044859259372098004e-01
2.825000000000000080e-02 8.006564167245466823e-01
2.850000000000000103e-02 7.967394588070977335e-01
2.875000000000000125e-02 7.927350565875670441e-01
2.900000000000000147e-02 7.884883317506897749e-01
2.925000000000000169e-02 7.843038281256629052e-01
2.950000000000000192e-02 7.800216725297288711e-01
2.975000000000000214e-02 7.756418605601838046e-01
2.999999999999999889e-02 7.710157877547179073e-01
3.024999999999999911e-02 7.664352146919635178e-01
3.049999999999999933e-02 7.617470439503541968e-01
3.074999999999999956e-02 7.569512777312418228e-01
3.099999999999999978e-02 7.519147650627532320e-01
3.125000000000000000e-02 7.468982714885711305e-01
3.150000000000000022e-02 7.417650666386097491e-01
3.175000000000000044e-02 7.365151505128691989e-01
3.200000000000000067e-02 7.310420679341383954e-01
3.225000000000000089e-02 7.255533491527617063e-01
3.250000000000000111e-02 7.199403332369105346e-01
3.275000000000000133e-02 7.142030201865841033e-01
3.300000000000000155e-02 7.082746011725434832e-01
3.325000000000000178e-02 7.022837694290355870e-01
3.350000000000000200e-02 6.961634101389051477e-01
3.375000000000000222e-02 6.899135233021519431e-01
3.400000000000000244e-02 6.835208721897170214e-01
3.425000000000000266e-02 6.770078379465102048e-01
3.450000000000000289e-02 6.703633059467176691e-01
3.475000000000000311e-02 6.635872761903395256e-01
3.500000000000000333e-02 6.567337412357713289e-01
3.525000000000000355e-02 6.496918960344197913e-01
3.550000000000000377e-02 6.425207654351559050e-01
3.575000000000000400e-02 6.352203428339241453e-01
3.600000000000000422e-02 6.279235018322566475e-01
3.624999999999999750e-02 6.203634341754666881e-01
3.649999999999999772e-02 6.126812817428753943e-01
3.674999999999999795e-02 6.048770489371867454e-01
3.699999999999999817e-02 5.971700696577088019e-01
3.724999999999999839e-02 5.891228098020609982e-01
3.749999999999999861e-02 5.809662550252323587e-01
3.774999999999999883e-02 5.727004075285750950e-01
3.799999999999999906e-02 5.646325276095482959e-01
3.824999999999999928e-02 5.561518127566164038e-01
3.849999999999999950e-02 5.475803735872507572e-01
3.874999999999999972e-02 5.389182101014513560e-01
3.899999999999999994e-02 5.305541911148351497e-01
3.925000000000000017e-02 5.217171104072972909e-01
3.950000000000000039e-02 5.128133441462271458e-01
3.975000000000000061e-02 5.038428923316247143e-01
4.000000000000000083e-02 4.952614061921233879e-01
4.025000000000000105e-02 4.861669236066276101e-01
4.050000000000000128e-02 4.770343818478898767e-01
4.075000000000000150e-02 4.678637809159100214e-01
4.100000000000000172e-02 4.591547682586759049e-01
4.125000000000000194e-02 4.499198988575655034e-01
4.150000000000000216e-02 4.406787313886288970e-01
4.175000000000000239e-02 4.314312636505144294e-01
4.200000000000000261e-02 4.226924865140503362e-01
4.225000000000000283e-02 4.134462031032655749e-01
4.250000000000000305e-02 4.042266352993097445e-01
4.275000000000000328e-02 3.950337853035346680e-01
4.300000000000000350e-02 3.863667436218937157e-01
4.325000000000000372e-02 3.772422059787154947e-01
4.350000000000000394e-02 3.681765677073495224e-01
4.375000000000000416e-02 3.591698288077959100e-01
4.399999999999999745e-02 3.506752784580842164e-01
4.424999999999999767e-02 3.418013361127456018e-01
4.449999999999999789e-02 3.330156195494182736e-01
4.474999999999999811e-02 3.243181287681021763e-01
4.499999999999999833e-02 3.160915335774243662e-01
4.524999999999999856e-02 3.075846226367152658e-01
4.549999999999999878e-02 2.991907335059773021e-01
4.574999999999999900e-02 2.909098617825066624e-01
4.599999999999999922e-02 2.830371118984930656e-01
4.624999999999999944e-02 2.749946796075927180e-01
4.649999999999999967e-02 2.670843878680370098e-01
4.674999999999999989e-02 2.593062388811778196e-01
4.700000000000000011e-02 2.518600119372710333e-01
4.725000000000000033e-02 2.443561954259407254e-01
4.750000000000000056e-02 2.369974766233212127e-01
4.775000000000000078e-02 2.297838533280604778e-01
4.800000000000000100e-02 2.228209243914756332e-01
4.825000000000000122e-02 2.159048604760593071e-01
4.850000000000000144e-02 2.091407807585464740e-01
4.875000000000000167e-02 2.025286852389371062e-01
4.900000000000000189e-02 1.960884659935321073e-01
4.925000000000000211e-02 1.897849936283519667e-01
4.950000000000000233e-02 1.836349242323838948e-01
4.975000000000000255e-02 1.776382578056279193e-01
5.000000000000000278e-02 1.717426167014522442e-01
5.025000000000000300e-02 1.660548994493439012e-01
5.050000000000000322e-02 1.605174422963200065e-01
5.075000000000000344e-02 1.551302454625156368e-01
5.100000000000000366e-02 1.497845711889196629e-01
5.125000000000000389e-02 1.446978947734192944e-01
5.150000000000000411e-02 1.397548255312486831e-01
5.175000000000000433e-02 1.349553634624078013e-01
5.200000000000000455e-02 1.301506018589690394e-01
5.224999999999999784e-02 1.256366595360842442e-01
5.249999999999999806e-02 1.212572088083882782e-01
5.274999999999999828e-02 1.170122496758812108e-01
5.299999999999999850e-02 1.127275783749798477e-01
5.324999999999999872e-02 1.087486733139936684e-01
5.349999999999999895e-02 1.048936251170995426e-01
5.374999999999999917e-02 1.011624333440271362e-01
5.399999999999999939e-02 9.736820321727361616e-02
5.424999999999999961e-02 9.388098551575380091e-02
5.449999999999999983e-02 9.050625601650115482e-02
5.475000000000000006e-02 8.724401471951567788e-02
5.500000000000000028e-02 8.390463232794692638e-02
5.525000000000000050e-02 8.086317562118106039e-02
5.550000000000000072e-02 7.792271473887987798e-02
5.575000000000000094e-02 7.508324946090817742e-02
5.600000000000000117e-02 7.215976122199950493e-02
5.625000000000000139e-02 6.951792605440987316e-02
5.650000000000000161e-02 6.696591220869881067e-02
5.675000000000000183e-02 6.450371990500153307e-02
5.700000000000000205e-02 6.195596215308109972e-02
5.725000000000000228e-02 5.966908969838737725e-02
5.750000000000000250e-02 5.746147890057573537e-02
5.775000000000000272e-02 5.533312931937577756e-02
5.800000000000000294e-02 5.312139296794200077e-02
5.825000000000000316e-02 5.114742661796146256e-02
5.850000000000000339e-02 4.924295518682593464e-02
5.875000000000000361e-02 4.740797867453541009e-02
5.900000000000000383e-02 4.549420653156301814e-02
5.925000000000000405e-02 4.379435428300146316e-02
5.950000000000000427e-02 4.215511317750058468e-02
5.975000000000000450e-02 4.057648343519557749e-02
5.999999999999999778e-02 3.892506048847272498e-02
6.024999999999999800e-02 3.746411171746492907e-02
6.049999999999999822e-02 3.605579815126283560e-02
6.074999999999999845e-02 3.470011978986643070e-02
6.099999999999999867e-02 3.327832976738171605e-02
6.124999999999999889e-02 3.202472457207672374e-02
6.149999999999999911e-02 3.081666666868456902e-02
6.174999999999999933e-02 2.965415627734045018e-02
6.199999999999999956e-02 2.843238373138856981e-02
6.224999999999999978e-02 2.735811475165431800e-02
6.250000000000000000e-02 2.632314540696563399e-02
6.275000000000000022e-02 2.532747613759290042e-02
6.300000000000000044e-02 2.427922537640118603e-02
6.325000000000000067e-02 2.335963306809647408e-02
6.350000000000000089e-02 2.247387025546611697e-02
6.375000000000000111e-02 2.162193704857770515e-02
6.400000000000000133e-02 2.072372312535925368e-02
6.425000000000000155e-02 1.993723404160473514e-02
6.450000000000000178e-02 1.917980938515789421e-02
6.475000000000000200e-02 1.845144917803225385e-02
6.500000000000000222e-02 1.768261328561448326e-02
6.525000000000000244e-02 1.701044885994790895e-02
6.550000000000000266e-02 1.636321580135687015e-02
6.575000000000000289e-02 1.574091410984136338e-02
6.600000000000000311e-02 1.508339316516112659e-02
6.625000000000000333e-02 1.450927477440793097e-02
6.650000000000000355e-02 1.395651504462784229e-02
6.675000000000000377e-02 1.342511395380733760e-02
6.700000000000000400e-02 1.286319195521226297e-02
6.725000000000000422e-02 1.237305458964208134e-02
6.750000000000000444e-02 1.190119606163613473e-02
6.775000000000000466e-02 1.144761634918090715e-02
6.800000000000000488e-02 1.096767368647339966e-02
6.825000000000000511e-02 1.054939734083953223e-02
6.850000000000000533e-02 1.014675081393060646e-02
6.875000000000000555e-02 9.759734149773666503e-03
6.900000000000000577e-02 9.350005851743725671e-03
6.925000000000000600e-02 8.993169083936347966e-03
6.950000000000000622e-02 8.649687830137434141e-03
6.975000000000000644e-02 8.319562068333462984e-03
7.000000000000000666e-02 7.969911833984693467e-03
7.025000000000000688e-02 7.665569428487547209e-03
7.050000000000000711e-02 7.372632689540994239e-03
7.075000000000000733e-02 7.091101661172073516e-03
7.100000000000000755e-02 6.792814800560652809e-03
7.125000000000000777e-02 6.533299448657104748e-03
7.150000000000000799e-02 6.283520169958456067e-03
7.175000000000000822e-02 6.043476964464709368e-03
7.200000000000000844e-02 5.789073944192273460e-03
7.224999999999999478e-02 5.567821236488143012e-03
7.249999999999999500e-02 5.354876342853560379e-03
7.274999999999999523e-02 5.150239241275004348e-03
7.299999999999999545e-02 4.933309482419128388e-03
7.324999999999999567e-02 4.744704606695405481e-03
7.349999999999999589e-02 4.563186609229139684e-03
7.374999999999999611e-02 4.388755490020330996e-03
7.399999999999999634e-02 4.203810912191693373e-03
7.424999999999999656e-02 4.043054789194633174e-03
7.449999999999999678e-02 3.888342543918153500e-03
7.474999999999999700e-02 3.739674220389293310e-03
7.499999999999999722e-02 3.582020748820452256e-03
7.524999999999999745e-02 3.445014065042750415e-03
7.549999999999999767e-02 3.313160768109358559e-03
7.574999999999999789e-02 3.186460880033794435e-03
7.599999999999999811e-02 3.052086550861394122e-03
7.624999999999999833e-02 2.935329508976017993e-03
7.649999999999999856e-02 2.822965837186625342e-03
7.674999999999999878e-02 2.714995557506736084e-03
7.699999999999999900e-02 2.600473548219694748e-03
7.724999999999999922e-02 2.500979375963180689e-03
7.749999999999999944e-02 2.405230143582848257e-03
7.774999999999999967e-02 2.313225873092216063e-03
7.799999999999999989e-02 2.215630542969723553e-03
7.825000000000000011e-02 2.130851094051538705e-03
7.850000000000000033e-02 2.049263539368168571e-03
7.875000000000000056e-02 1.970867874516909254e-03
7.900000000000000078e-02 1.887702489842384319e-03
7.925000000000000100e-02 1.815464483988087161e-03
7.950000000000000122e-02 1.745946741526427023e-03
7.975000000000000144e-02 1.679149264658755421e-03
8.000000000000000167e-02 1.608283799521516332e-03
8.025000000000000189e-02 1.546734008810096662e-03
8.050000000000000211e-02 1.487502380349341570e-03
8.075000000000000233e-02 1.430588909736547811e-03
8.100000000000000255e-02 1.370206676456005258e-03
8.125000000000000278e-02 1.317765102564672939e-03
8.150000000000000300e-02 1.267298909612061056e-03
8.175000000000000322e-02 1.218808097598169824e-03
8.200000000000000344e-02 1.167359982818888531e-03
8.225000000000000366e-02 1.122679754995255458e-03
8.250000000000000389e-02 1.079682735878902513e-03
8.275000000000000411e-02 1.038368923268477963e-03
8.300000000000000433e-02 9.945342105001603143e-04
8.325000000000000455e-02 9.564673281237534444e-04
8.350000000000000477e-02 9.198346419288130731e-04
8.375000000000000500e-02 8.846361475126358464e-04
8.400000000000000522e-02 8.472889971445272906e-04
8.425000000000000544e-02 8.148570539476837713e-04
8.450000000000000566e-02 7.836470922050886708e-04
8.475000000000000588e-02 7.536591141180942624e-04
8.500000000000000611e-02 7.218399238305820732e-04
8.525000000000000633e-02 6.942091181515213294e-04
8.550000000000000655e-02 6.676194572696735616e-04
8.575000000000000677e-02 6.420709389836870389e-04
8.600000000000000699e-02 6.149618735204232271e-04
8.625000000000000722e-02 5.914216838072548126e-04
8.650000000000000744e-02 5.687685442573162846e-04
8.675000000000000766e-02 5.470024526692553700e-04
8.700000000000000788e-02 5.239065486047880978e-04
8.725000000000000810e-02 5.038515326378873935e-04
8.750000000000000833e-02 4.845522649979509561e-04
8.775000000000000855e-02 4.660087478863306795e-04
8.799999999999999489e-02 4.463320958837129382e-04
8.824999999999999512e-02 4.292463734460780873e-04
8.849999999999999534e-02 4.128045244297835759e-04
8.874999999999999556e-02 3.970065532375331913e-04
8.899999999999999578e-02 3.802430734984845319e-04
8.924999999999999600e-02 3.656870940493814120e-04
8.949999999999999623e-02 3.516796694837403961e-04
8.974999999999999645e-02 3.382208020029132153e-04
8.999999999999999667e-02 3.239392849091019292e-04
9.024999999999999689e-02 3.115385412528010262e-04
9.049999999999999711e-02 2.996051402051490200e-04
9.074999999999999734e-02 2.881390817661459648e-04
9.099999999999999756e-02 2.759721150790613855e-04
9.124999999999999778e-02 2.654075278596769233e-04
9.149999999999999800e-02 2.552410903555789941e-04
9.174999999999999822e-02 2.454728047681194376e-04
9.199999999999999845e-02 2.351073452388241795e-04
9.224999999999999867e-02 2.261070607030825298e-04
9.249999999999999889e-02 2.174459794018840863e-04
9.274999999999999911e-02 2.091240989137417659e-04
9.299999999999999933e-02 2.002934349268982223e-04
9.324999999999999956e-02 1.926258457580295081e-04
9.349999999999999978e-02 1.852472346589738761e-04
9.375000000000000000e-02 1.781576018498664616e-04
9.400000000000000022e-02 1.706344999548227599e-04
9.425000000000000044e-02 1.641022813699554740e-04
9.450000000000000067e-02 1.578162531777478042e-04
9.475000000000000089e-02 1.517764151580646152e-04
9.500000000000000111e-02 1.453672781211452607e-04
9.525000000000000133e-02 1.398023194786591182e-04
9.550000000000000155e-02 1.344470981619470991e-04
9.575000000000000178e-02 1.293016137307388517e-04
9.600000000000000200e-02 1.238415037188373346e-04
9.625000000000000222e-02 1.191005835222579465e-04
9.650000000000000244e-02 1.145383444189196473e-04
9.675000000000000266e-02 1.101547866289576534e-04
9.700000000000000289e-02 1.055031838648036951e-04
9.725000000000000311e-02 1.014642855802391064e-04
9.750000000000000333e-02 9.757761056039585240e-05
9.775000000000000355e-02 9.384315858513874364e-05
9.800000000000000377e-02 8.988034826840172065e-05
9.825000000000000400e-02 8.643952119671300261e-05
9.850000000000000422e-02 8.312837686695692012e-05
9.875000000000000444e-02 7.994691527913345963e-05
9.900000000000000466e-02 7.657090657428355972e-05
9.925000000000000488e-02 7.363959142864447973e-05
9.950000000000000511e-02 7.081875619192138922e-05
9.975000000000000533e-02 6.810840108424947757e-05
1.000000000000000056e-01 6.523230442988722506e-05
1.002500000000000058e-01 6.273505471641793512e-05
1.005000000000000060e-01 6.033192578525057334e-05
1.007500000000000062e-01 5.802291719611473385e-05
1.010000000000000064e-01 5.557270817169677606e-05
1.012500000000000067e-01 5.344524903734605047e-05
1.015000000000000069e-01 5.139797348605901916e-05
1.017500000000000071e-01 4.943088129770047243e-05
1.020000000000000073e-01 4.734349623399868674e-05
1.022500000000000075e-01 4.553107015058050947e-05
1.025000000000000078e-01 4.378695421840719495e-05
1.027500000000000080e-01 4.211114799720837797e-05
1.030000000000000082e-01 4.033286135981404083e-05
1.032500000000000084e-01 3.878881881851218877e-05
1.035000000000000087e-01 3.730297099627497183e-05
1.037500000000000089e-01 3.587531789310236967e-05
1.040000000000000091e-01 3.436035895288337054e-05
1.042499999999999954e-01 3.304495784691756979e-05
1.044999999999999957e-01 3.177913426794883896e-05
1.047499999999999959e-01 3.056288799584199546e-05
1.049999999999999961e-01 2.927226376607439844e-05
1.052499999999999963e-01 2.815164730300654685e-05
1.054999999999999966e-01 2.707326707843761264e-05
1.057499999999999968e-01 2.603712265209720691e-05
1.059999999999999970e-01 2.493761385185722557e-05
1.062499999999999972e-01 2.398293859809831003e-05
1.064999999999999974e-01 2.306424488164491801e-05
1.067499999999999977e-01 2.218153292263224226e-05
1.069999999999999979e-01 2.124483950003731858e-05
1.072499999999999981e-01 2.043153279880619805e-05
1.074999999999999983e-01 1.964887961478895104e-05
1.077499999999999986e-01 1.889687996999909648e-05
1.079999999999999988e-01 1.809889216854857752e-05
1.082499999999999990e-01 1.740602021979156209e-05
1.084999999999999992e-01 1.673926262261516288e-05
1.087499999999999994e-01 1.609861935500586774e-05
1.089999999999999997e-01 1.541879783489554512e-05
1.092499999999999999e-01 1.482852665024318686e-05
1.095000000000000001e-01 1.426050279031811534e-05
1.097500000000000003e-01 1.371472627713385120e-05
1.100000000000000006e-01 1.313557295428283955e-05
1.102500000000000008e-01 1.263270941920290394e-05
1.105000000000000010e-01 1.214879881967032631e-05
1.107500000000000012e-01 1.168384115568509819e-05
1.110000000000000014e-01 1.119044911332351598e-05
1.112500000000000017e-01 1.076204987292641106e-05
1.115000000000000019e-01 1.034979702049439977e-05
1.117500000000000021e-01 9.953690534013963186e-06
1.120000000000000023e-01 9.533360216976691416e-06
1.122500000000000026e-01 9.168398567443825523e-06
1.125000000000000028e-01 8.817192351521646869e-06
1.127500000000000030e-01 8.479741547196638211e-06
1.130000000000000032e-01 8.121653971231697916e-06
1.132500000000000034e-01 7.810736061526729845e-06
1.135000000000000037e-01 7.511536674506377306e-06
1.137500000000000039e-01 7.224055788157124748e-06
1.140000000000000041e-01 6.918994024881506001e-06
1.142500000000000043e-01 6.654117016229059154e-06
1.145000000000000046e-01 6.399223270587942927e-06
1.147500000000000048e-01 6.154312721917597965e-06
1.150000000000000050e-01 5.894424681135000015e-06
1.152500000000000052e-01 5.668770854576149467e-06
1.155000000000000054e-01 5.451621907110190924e-06
1.157500000000000057e-01 5.242977904777683741e-06
1.160000000000000059e-01 5.021574228359288106e-06
1.162500000000000061e-01 4.829335360895851712e-06
1.165000000000000063e-01 4.644341979095279846e-06
1.167500000000000066e-01 4.466594104971091444e-06
1.170000000000000068e-01 4.277976043149403035e-06
1.172500000000000070e-01 4.114204024003057491e-06
1.175000000000000072e-01 3.956604595623705291e-06
1.177500000000000074e-01 3.805177735997830461e-06
1.180000000000000077e-01 3.644490361221046038e-06
1.182500000000000079e-01 3.504969821611576857e-06
1.185000000000000081e-01 3.370707827427350030e-06
1.187500000000000083e-01 3.241704356654847891e-06
1.190000000000000085e-01 3.104811680892774764e-06
1.192500000000000088e-01 2.985951445375196871e-06
1.195000000000000090e-01 2.871571049056786013e-06
1.197500000000000092e-01 2.761670513951062398e-06
1.199999999999999956e-01 2.645048987289515030e-06
1.202499999999999958e-01 2.543789661000721014e-06
1.204999999999999960e-01 2.446346796511794786e-06
1.207499999999999962e-01 2.352720393822738040e-06
1.209999999999999964e-01 2.253368274805237588e-06
1.212499999999999967e-01 2.167103492300623359e-06
1.214999999999999969e-01 2.084090038331150232e-06
1.217499999999999971e-01 2.004327910695467668e-06
1.219999999999999973e-01 1.919687917421037758e-06
1.222499999999999976e-01 1.846197287293848442e-06
1.224999999999999978e-01 1.775476523621975288e-06
1.227499999999999980e-01 1.707525630808122763e-06
1.229999999999999982e-01 1.635419188750968170e-06
1.232499999999999984e-01 1.572811102509572944e-06
1.234999999999999987e-01 1.512562722432164694e-06
1.237499999999999989e-01 1.454674044116039167e-06
1.239999999999999991e-01 1.393245175866609711e-06
1.242499999999999993e-01 1.339908142647736016e-06
1.244999999999999996e-01 1.288581386198124461e-06
1.247499999999999998e-01 1.239264906517775044e-06
1.250000000000000000e-01 1.186932471251637360e-06
1.252500000000000002e-01 1.141493624538143910e-06
1.255000000000000004e-01 1.097767372378631468e-06
1.257500000000000007e-01 1.055753714773100034e-06
1.260000000000000009e-01 1.011170705254046870e-06
1.262500000000000011e-01 9.724604777807590749e-07
1.265000000000000013e-01 9.352092403155457303e-07
1.267500000000000016e-01 8.994169972611109841e-07
1.270000000000000018e-01 8.614358751525716327e-07
1.272500000000000020e-01 8.284578866134479446e-07
1.275000000000000022e-01 7.967228430028504706e-07
1.277500000000000024e-01 7.662307421194270840e-07
1.280000000000000027e-01 7.338738936404275624e-07
1.282500000000000029e-01 7.057793115428184169e-07
1.285000000000000031e-01 6.787436171388498691e-07
1.287500000000000033e-01 6.527668126298735164e-07
1.290000000000000036e-01 6.252013915053638148e-07
1.292500000000000038e-01 6.012670805509116904e-07
1.295000000000000040e-01 5.782348527919101955e-07
1.297500000000000042e-01 5.561047148324153925e-07
1.300000000000000044e-01 5.326212055283299628e-07
1.302500000000000047e-01 5.122311063771282015e-07
1.305000000000000049e-01 4.926095123872329092e-07
1.307500000000000051e-01 4.737564235586437156e-07
1.310000000000000053e-01 4.537503722623671545e-07
1.312500000000000056e-01 4.363796584032355113e-07
1.315000000000000058e-01 4.196636486168614172e-07
1.317500000000000060e-01 4.036023407018929045e-07
1.320000000000000062e-01 3.865588071736907783e-07
1.322500000000000064e-01 3.717603642207184543e-07
1.325000000000000067e-01 3.575196778022090034e-07
1.327500000000000069e-01 3.438367457168103519e-07
1.330000000000000071e-01 3.293170357418430800e-07
1.332500000000000073e-01 3.167099615719902312e-07
1.335000000000000075e-01 3.045780514141368699e-07
1.337500000000000078e-01 2.929213030669311872e-07
1.340000000000000080e-01 2.805516887280468837e-07
1.342500000000000082e-01 2.698114864583671637e-07
1.345000000000000084e-01 2.594760841881063511e-07
1.347500000000000087e-01 2.495454819172643399e-07
1.350000000000000089e-01 2.390075772844300830e-07
1.352500000000000091e-01 2.298577989402053020e-07
1.355000000000000093e-01 2.210528777827798780e-07
1.357500000000000095e-01 2.125928140322888332e-07
1.360000000000000098e-01 2.036153788690094108e-07
1.362500000000000100e-01 1.958205143566613022e-07
1.365000000000000102e-01 1.883194407298159636e-07
1.367500000000000104e-01 1.811121584287436511e-07
1.370000000000000107e-01 1.734641190259533068e-07
1.372500000000000109e-01 1.668235333897371029e-07
1.375000000000000111e-01 1.604332342016870348e-07
1.377500000000000113e-01 1.542932219020735170e-07
1.380000000000000115e-01 1.477777225849933910e-07
1.382500000000000118e-01 1.421204911951371598e-07
1.385000000000000120e-01 1.366764840724869699e-07
1.387500000000000122e-01 1.314457014371779225e-07
1.390000000000000124e-01 1.258950361726696796e-07
1.392500000000000127e-01 1.210755451034388253e-07
1.395000000000000129e-01 1.164377045310459283e-07
1.397500000000000131e-01 1.119815144554910413e-07
1.400000000000000133e-01 1.072528133029809299e-07
1.402500000000000135e-01 1.031470117511797383e-07
1.405000000000000138e-01 9.919596237717872043e-08
1.407500000000000140e-01 9.539966496084273526e-08
1.410000000000000142e-01 9.137121297165106106e-08
1.412500000000000144e-01 8.787341997553615025e-08
1.415000000000000147e-01 8.450746396433694098e-08
1.417500000000000149e-01 8.127334493805345973e-08
1.420000000000000151e-01 7.784145293364868405e-08
1.422500000000000153e-01 7.486163738250407042e-08
1.425000000000000155e-01 7.199413722750138638e-08
1.427500000000000158e-01 6.923895224850542457e-08
1.430000000000000160e-01 6.631528481955094320e-08
1.432500000000000162e-01 6.377674787039289637e-08
1.435000000000000164e-01 6.133389576407168310e-08
1.437500000000000167e-01 5.898672806031695483e-08
1.440000000000000169e-01 5.649603177149579814e-08
1.442499999999999893e-01 5.433343333708186665e-08
1.444999999999999896e-01 5.225235140431557975e-08
1.447499999999999898e-01 5.025278641346731247e-08
1.449999999999999900e-01 4.813095195339219132e-08
1.452499999999999902e-01 4.628862776868295086e-08
1.454999999999999905e-01 4.451575051334701042e-08
1.457499999999999907e-01 4.281232040751954429e-08
1.459999999999999909e-01 4.100473355601401913e-08
1.462499999999999911e-01 3.943526319875298215e-08
1.464999999999999913e-01 3.792495769634509771e-08
1.467499999999999916e-01 3.647381726892554670e-08
1.469999999999999918e-01 3.493395113247503439e-08
1.472499999999999920e-01 3.359693759368747337e-08
1.474999999999999922e-01 3.231032951035186125e-08
1.477499999999999925e-01 3.107412710260339878e-08
1.479999999999999927e-01 2.976234678026581990e-08
1.482499999999999929e-01 2.862337588520900810e-08
1.484999999999999931e-01 2.752734874315628489e-08
1.487499999999999933e-01 2.647426535410765028e-08
1.489999999999999936e-01 2.535680629009012428e-08
1.492499999999999938e-01 2.438656153464871264e-08
1.494999999999999940e-01 2.345290434869475871e-08
1.497499999999999942e-01 2.255583429195788744e-08
1.499999999999999944e-01 2.160393324792161159e-08
1.502499999999999947e-01 2.077744137329313698e-08
1.504999999999999949e-01 1.998212209465986828e-08
1.507499999999999951e-01 1.921797543403532820e-08
1.509999999999999953e-01 1.840713127512285855e-08
1.512499999999999956e-01 1.770311870258569998e-08
1.514999999999999958e-01 1.702566640948639108e-08
1.517499999999999960e-01 1.637477439582493186e-08
1.519999999999999962e-01 1.568411632467435665e-08
1.522499999999999964e-01 1.508446214165058996e-08
1.524999999999999967e-01 1.450743961738478543e-08
1.527499999999999969e-01 1.395304868583638315e-08
1.529999999999999971e-01 1.336479953097115572e-08
1.532499999999999973e-01 1.285406900254246301e-08
1.534999999999999976e-01 1.236262401192181719e-08
1.537499999999999978e-01 1.189046451508218107e-08
1.539999999999999980e-01 1.138948293776708685e-08
1.542499999999999982e-01 1.095453016265425974e-08
1.544999999999999984e-01 1.053601318724266812e-08
1.547499999999999987e-01 1.013393203354582976e-08
1.549999999999999989e-01 9.707323020579304927e-09
1.552499999999999991e-01 9.336952517312504002e-09
1.554999999999999993e-01 8.980591197491523377e-09
1.557499999999999996e-01 8.638239083129882464e-09
1.559999999999999998e-01 8.275021762840191440e-09
1.562500000000000000e-01 7.959700400847471611e-09
1.565000000000000002e-01 7.656322209502198579e-09
1.567500000000000004e-01 7.364887188804373170e-09
1.570000000000000007e-01 7.055712485653102143e-09
1.572500000000000009e-01 6.787324034521997110e-09
1.575000000000000011e-01 6.529120204061799624e-09
1.577500000000000013e-01 6.281100972258992752e-09
1.580000000000000016e-01 6.018010778941661433e-09
1.582500000000000018e-01 5.789647066163095158e-09
1.585000000000000020e-01 5.569971561064824918e-09
1.587500000000000022e-01 5.358984263646849058e-09
1.590000000000000024e-01 5.135206759391939256e-09
1.592500000000000027e-01 4.940989823139094941e-09
1.595000000000000029e-01 4.754188338930398958e-09
1.597500000000000031e-01 4.574802306765851308e-09
1.600000000000000033e-01 4.384577478182098254e-09
1.602500000000000036e-01 4.219508268393359639e-09
1.605000000000000038e-01 4.060772634237091819e-09
1.607500000000000040e-01 3.908370597726811727e-09
1.610000000000000042e-01 3.746802153859948362e-09
1.612500000000000044e-01 3.606631819192489148e-09
1.615000000000000047e-01 3.471876281909132215e-09
1.617500000000000049e-01 3.342535519996359389e-09
1.620000000000000051e-01 3.205464688823882571e-09
1.622500000000000053e-01 3.086585323558171198e-09
1.625000000000000056e-01 2.972341323004354915e-09
1.627500000000000058e-01 2.862732687162434547e-09
1.630000000000000060e-01 2.746631361971696572e-09
1.632500000000000062e-01 2.645983020906646001e-09
1.635000000000000064e-01 2.549309969182063782e-09
1.637500000000000067e-01 2.456612206797948259e-09
1.640000000000000069e-01 2.358491986325069559e-09
1.642500000000000071e-01 2.273484030474150943e-09
1.645000000000000073e-01 2.191893605227884741e-09
1.647500000000000075e-01 2.113720699579512075e-09
1.650000000000000078e-01 2.031056087243802734e-09
1.652500000000000080e-01 1.959500405824728591e-09
1.655000000000000082e-01 1.890892460095626287e-09
1.657500000000000084e-01 1.825232245653791237e-09
1.660000000000000087e-01 1.755895531366782835e-09
1.662500000000000089e-01 1.695950273045234906e-09
1.665000000000000091e-01 1.638558814085935821e-09
1.667500000000000093e-01 1.583721147884829216e-09
1.670000000000000095e-01 1.525927528347056233e-09
1.672500000000000098e-01 1.476049686317808553e-09
1.675000000000000100e-01 1.428397384657442364e-09
1.677500000000000102e-01 1.382970621164605269e-09
1.680000000000000104e-01 1.335231815179424439e-09
1.682500000000000107e-01 1.294137527985924395e-09
1.685000000000000109e-01 1.254997691277146348e-09
1.687500000000000111e-01 1.217812305053089885e-09
1.690000000000000113e-01 1.178897169139586517e-09
1.692500000000000115e-01 1.145528744422283377e-09
1.695000000000000118e-01 1.113893769866994744e-09
1.697500000000000120e-01 1.083992245473720411e-09
1.700000000000000122e-01 1.052894746397710670e-09
1.702500000000000124e-01 1.026393689930403202e-09
1.705000000000000127e-01 1.001449339281283287e-09
1.707500000000000129e-01 9.780616966517029086e-10
1.710000000000000131e-01 9.540010236946805899e-10
1.712500000000000133e-01 9.336865872101168876e-10
1.715000000000000135e-01 9.147917981722196944e-10
1.717500000000000138e-01 8.973166587823413031e-10
1.720000000000000140e-01 8.810812855688249732e-10
1.722500000000000142e-01 8.665565300952709449e-10
1.725000000000000144e-01 8.532947980810506186e-10
1.727500000000000147e-01 8.412960873248126320e-10
1.730000000000000149e-01 8.294692295084487620e-10
1.732500000000000151e-01 8.200771285468773012e-10
1.735000000000000153e-01 8.119373062459474973e-10
1.737500000000000155e-01 8.050497648070110226e-10
1.740000000000000158e-01 7.990081170559193553e-10
1.742500000000000160e-01 7.946146677112667552e-10
1.745000000000000162e-01 7.914764908658590802e-10
1.747500000000000164e-01 7.895935843183438304e-10
