1 0.0d0 0.0d0 0.0d0
0.0d0 0.0d0 0.0d0 0.0d0
      1001  0.0d0   0.48d0   0.48d0
   0.254003901E-10  -0.104842780E-06   0.156982985E+02   0.986270688E-04
   0.180838640E-05   0.753480621E-02   0.156965967E+02  -0.709410251E+01
   0.723317778E-05   0.150680821E-01   0.156914827E+02  -0.142227651E+02
   0.162732208E-04   0.225980798E-01   0.156829318E+02  -0.214201237E+02
   0.289265445E-04   0.301231403E-01   0.156709030E+02  -0.287199588E+02
   0.451903765E-04   0.376415811E-01   0.156553390E+02  -0.361553723E+02
   0.650611293E-04   0.451516885E-01   0.156361670E+02  -0.437585661E+02
   0.885343840E-04   0.526517101E-01   0.156132989E+02  -0.515606247E+02
   0.115604870E-03   0.601398477E-01   0.155866322E+02  -0.595913024E+02
   0.146266441E-03   0.676142506E-01   0.155560502E+02  -0.678788163E+02
   0.180512048E-03   0.750730088E-01   0.155214232E+02  -0.764496469E+02
   0.218333710E-03   0.825141470E-01   0.154826092E+02  -0.853283455E+02
   0.259722483E-03   0.899356193E-01   0.154394551E+02  -0.945373503E+02
   0.304668419E-03   0.973353034E-01   0.153917973E+02  -0.104096813E+03
   0.353160536E-03   0.104710997E+00   0.153394632E+02  -0.114024432E+03
   0.405186771E-03   0.112060411E+00   0.152822725E+02  -0.124335304E+03
   0.460733946E-03   0.119381171E+00   0.152200380E+02  -0.135041777E+03
   0.519787717E-03   0.126670810E+00   0.151525676E+02  -0.146153324E+03
   0.582332535E-03   0.133926767E+00   0.150796650E+02  -0.157676427E+03
   0.648351600E-03   0.141146387E+00   0.150011318E+02  -0.169614471E+03
   0.717826813E-03   0.148326921E+00   0.149167687E+02  -0.181967661E+03
   0.790738735E-03   0.155465521E+00   0.148263769E+02  -0.194732939E+03
   0.867066534E-03   0.162559246E+00   0.147297601E+02  -0.207903932E+03
   0.946787946E-03   0.169605063E+00   0.146267257E+02  -0.221470903E+03
   0.102987923E-02   0.176599846E+00   0.145170868E+02  -0.235420727E+03
   0.111631512E-02   0.183540381E+00   0.144006632E+02  -0.249736869E+03
   0.120606879E-02   0.190423370E+00   0.142772839E+02  -0.264399397E+03
   0.129911181E-02   0.197245435E+00   0.141467881E+02  -0.279384992E+03
   0.139541411E-02   0.204003124E+00   0.140090269E+02  -0.294666988E+03
   0.149494394E-02   0.210692917E+00   0.138638651E+02  -0.310215418E+03
   0.159766787E-02   0.217311231E+00   0.137111828E+02  -0.325997084E+03
   0.170355071E-02   0.223854432E+00   0.135508764E+02  -0.341975638E+03
   0.181255552E-02   0.230318839E+00   0.133828609E+02  -0.358111676E+03
   0.192464359E-02   0.236700735E+00   0.132070708E+02  -0.374362856E+03
   0.203977442E-02   0.242996376E+00   0.130234614E+02  -0.390684020E+03
   0.215790571E-02   0.249202003E+00   0.128320105E+02  -0.407027339E+03
   0.227899334E-02   0.255313851E+00   0.126327196E+02  -0.423342468E+03
   0.240299140E-02   0.261328163E+00   0.124256147E+02  -0.439576713E+03
   0.252985217E-02   0.267241199E+00   0.122107477E+02  -0.455675213E+03
   0.265952615E-02   0.273049252E+00   0.119881973E+02  -0.471581138E+03
   0.279196207E-02   0.278748656E+00   0.117580700E+02  -0.487235888E+03
   0.292710690E-02   0.284335808E+00   0.115205007E+02  -0.502579314E+03
   0.306490592E-02   0.289807172E+00   0.112756535E+02  -0.517549939E+03
   0.320530271E-02   0.295159302E+00   0.110237224E+02  -0.532085200E+03
   0.334823924E-02   0.300388848E+00   0.107649315E+02  -0.546121682E+03
   0.349365587E-02   0.305492579E+00   0.104995356E+02  -0.559595377E+03
   0.364149148E-02   0.310467391E+00   0.102278203E+02  -0.572441934E+03
   0.379168347E-02   0.315310326E+00   0.995010199E+01  -0.584596928E+03
   0.394416785E-02   0.320018584E+00   0.966672815E+01  -0.595996118E+03
   0.409887934E-02   0.324589540E+00   0.937807685E+01  -0.606575723E+03
   0.425575145E-02   0.329020758E+00   0.908455668E+01  -0.616272695E+03
   0.441471655E-02   0.333310006E+00   0.878660622E+01  -0.625024985E+03
   0.457570601E-02   0.337455266E+00   0.848469357E+01  -0.632771824E+03
   0.473865028E-02   0.341454757E+00   0.817931563E+01  -0.639453990E+03
   0.490347901E-02   0.345306939E+00   0.787099729E+01  -0.645014083E+03
   0.507012117E-02   0.349010532E+00   0.756029050E+01  -0.649396788E+03
   0.523850518E-02   0.352564528E+00   0.724777324E+01  -0.652549140E+03
   0.540855906E-02   0.355968201E+00   0.693404826E+01  -0.654420781E+03
   0.558021053E-02   0.359221121E+00   0.661974182E+01  -0.654964211E+03
   0.575338719E-02   0.362323164E+00   0.630550225E+01  -0.654135034E+03
   0.592801666E-02   0.365274521E+00   0.599199839E+01  -0.651892189E+03
   0.610402671E-02   0.368075710E+00   0.567991796E+01  -0.648198179E+03
   0.628134545E-02   0.370727582E+00   0.536996574E+01  -0.643019286E+03
   0.645990148E-02   0.373231332E+00   0.506286180E+01  -0.636325775E+03
   0.663962407E-02   0.375588503E+00   0.475933945E+01  -0.628092082E+03
   0.682044329E-02   0.377800990E+00   0.446014325E+01  -0.618297000E+03
   0.700229023E-02   0.379871053E+00   0.416602685E+01  -0.606923836E+03
   0.718509713E-02   0.381801311E+00   0.387775081E+01  -0.593960564E+03
   0.736879760E-02   0.383594751E+00   0.359608031E+01  -0.579399958E+03
   0.755332674E-02   0.385254727E+00   0.332178282E+01  -0.563239713E+03
   0.773862138E-02   0.386784965E+00   0.305562572E+01  -0.545482542E+03
   0.792462020E-02   0.388189553E+00   0.279837387E+01  -0.526136260E+03
   0.811126395E-02   0.389472950E+00   0.255078712E+01  -0.505213854E+03
   0.829849561E-02   0.390639975E+00   0.231361786E+01  -0.482733526E+03
   0.848626054E-02   0.391695809E+00   0.208760848E+01  -0.458718722E+03
   0.867450668E-02   0.392645982E+00   0.187348884E+01  -0.433198144E+03
   0.886318471E-02   0.393496375E+00   0.167197378E+01  -0.406205741E+03
   0.905224823E-02   0.394253205E+00   0.148376058E+01  -0.377780675E+03
   0.924165387E-02   0.394923022E+00   0.130952649E+01  -0.347967279E+03
   0.943136150E-02   0.395512692E+00   0.114992625E+01  -0.316814982E+03
   0.962133438E-02   0.396029393E+00   0.100558965E+01  -0.284378227E+03
   0.981153924E-02   0.396480597E+00   0.877119191E+00  -0.250716361E+03
   0.100019465E-01   0.396874058E+00   0.765087724E+00  -0.215893509E+03
   0.101925304E-01   0.397217798E+00   0.670036202E+00  -0.179978430E+03
   0.103832690E-01   0.397520091E+00   0.592471495E+00  -0.143044349E+03
   0.105741444E-01   0.397789444E+00   0.532864287E+00  -0.105168779E+03
   0.107651430E-01   0.398034583E+00   0.491647070E+00  -0.664333204E+02
   0.109562551E-01   0.398264431E+00   0.469212226E+00  -0.269234409E+02
   0.111474758E-01   0.398488089E+00   0.465910235E+00   0.132717563E+02
   0.113388042E-01   0.398714815E+00   0.482047982E+00   0.540597829E+02
   0.115302440E-01   0.398954007E+00   0.517887198E+00   0.953450307E+02
   0.117218036E-01   0.399215174E+00   0.573643029E+00   0.137029051E+03
   0.119134957E-01   0.399507918E+00   0.649482743E+00   0.179010849E+03
   0.121053378E-01   0.399841910E+00   0.745524581E+00   0.221187188E+03
   0.122973520E-01   0.400226865E+00   0.861836752E+00   0.263452906E+03
   0.124895653E-01   0.400672520E+00   0.998436597E+00   0.305701248E+03
   0.126820089E-01   0.401188605E+00   0.115528989E+01   0.347824201E+03
   0.128747192E-01   0.401784825E+00   0.133231034E+01   0.389712839E+03
   0.130677367E-01   0.402470828E+00   0.152935921E+01   0.431257678E+03
   0.132611070E-01   0.403256184E+00   0.174624516E+01   0.472349040E+03
   0.134548801E-01   0.404150358E+00   0.198272421E+01   0.512877408E+03
   0.136491103E-01   0.405162687E+00   0.223849995E+01   0.552733806E+03
   0.138438566E-01   0.406302350E+00   0.251322385E+01   0.591810160E+03
   0.140391824E-01   0.407578350E+00   0.280649580E+01   0.629999676E+03
   0.142351551E-01   0.408999482E+00   0.311786481E+01   0.667197212E+03
   0.144318465E-01   0.410574316E+00   0.344682989E+01   0.703299643E+03
   0.146293323E-01   0.412311166E+00   0.379284112E+01   0.738206236E+03
   0.148276924E-01   0.414218075E+00   0.415530085E+01   0.771819007E+03
   0.150270101E-01   0.416302784E+00   0.453356515E+01   0.804043084E+03
   0.152273727E-01   0.418572716E+00   0.492694537E+01   0.834787056E+03
   0.154288707E-01   0.421034954E+00   0.533470987E+01   0.863963316E+03
   0.156315981E-01   0.423696216E+00   0.575608594E+01   0.891488397E+03
   0.158356519E-01   0.426562844E+00   0.619026188E+01   0.917283293E+03
   0.160411322E-01   0.429640780E+00   0.663638917E+01   0.941273773E+03
   0.162481418E-01   0.432935549E+00   0.709358490E+01   0.963390679E+03
   0.164567859E-01   0.436452246E+00   0.756093421E+01   0.983570208E+03
   0.166671722E-01   0.440195519E+00   0.803749298E+01   0.100175419E+04
   0.168794105E-01   0.444169558E+00   0.852229054E+01   0.101789032E+04
   0.170936125E-01   0.448378078E+00   0.901433261E+01   0.103193242E+04
   0.173098915E-01   0.452824314E+00   0.951260421E+01   0.104384064E+04
   0.175283623E-01   0.457511009E+00   0.100160728E+02   0.105358167E+04
   0.177491409E-01   0.462440408E+00   0.105236916E+02   0.106112889E+04
   0.179723442E-01   0.467614248E+00   0.110344024E+02   0.106646254E+04
   0.181980899E-01   0.473033758E+00   0.115471394E+02   0.106956989E+04
   0.184264960E-01   0.478699655E+00   0.120608323E+02   0.107044529E+04
   0.186576810E-01   0.484612139E+00   0.125744099E+02   0.106909030E+04
   0.188917631E-01   0.490770899E+00   0.130868035E+02   0.106551376E+04
   0.191288604E-01   0.497175111E+00   0.135969502E+02   0.105973181E+04
   0.193690903E-01   0.503823443E+00   0.141037969E+02   0.105176790E+04
   0.196125696E-01   0.510714061E+00   0.146063032E+02   0.104165284E+04
   0.198594142E-01   0.517844636E+00   0.151034455E+02   0.102942470E+04
   0.201097384E-01   0.525212350E+00   0.155942200E+02   0.101512880E+04
   0.203636554E-01   0.532813911E+00   0.160776466E+02   0.998817587E+03
   0.206212766E-01   0.540645562E+00   0.165527720E+02   0.980550592E+03
   0.208827113E-01   0.548703096E+00   0.170186729E+02   0.960394240E+03
   0.211480670E-01   0.556981870E+00   0.174744598E+02   0.938421722E+03
   0.214174485E-01   0.565476822E+00   0.179192799E+02   0.914712816E+03
   0.216909584E-01   0.574182493E+00   0.183523200E+02   0.889353676E+03
   0.219686965E-01   0.583093041E+00   0.187728101E+02   0.862436613E+03
   0.222507595E-01   0.592202267E+00   0.191800256E+02   0.834059843E+03
   0.225372414E-01   0.601503634E+00   0.195732906E+02   0.804327219E+03
   0.228282327E-01   0.610990294E+00   0.199519802E+02   0.773347936E+03
   0.231238206E-01   0.620655111E+00   0.203155234E+02   0.741236221E+03
   0.234240889E-01   0.630490690E+00   0.206634048E+02   0.708111001E+03
   0.237291178E-01   0.640489400E+00   0.209951675E+02   0.674095552E+03
   0.240389836E-01   0.650643408E+00   0.213104145E+02   0.639317131E+03
   0.243537590E-01   0.660944702E+00   0.216088108E+02   0.603906592E+03
   0.246735128E-01   0.671385126E+00   0.218900851E+02   0.567997987E+03
   0.249983097E-01   0.681956411E+00   0.221540310E+02   0.531728152E+03
   0.253282105E-01   0.692650201E+00   0.224005086E+02   0.495236278E+03
   0.256632721E-01   0.703458092E+00   0.226294449E+02   0.458663477E+03
   0.260035472E-01   0.714371660E+00   0.228408354E+02   0.422152333E+03
   0.263490845E-01   0.725382496E+00   0.230347440E+02   0.385846444E+03
   0.266999286E-01   0.736482238E+00   0.232113039E+02   0.349889958E+03
   0.270561203E-01   0.747662604E+00   0.233707173E+02   0.314427109E+03
   0.274176963E-01   0.758915427E+00   0.235132559E+02   0.279601736E+03
   0.277846894E-01   0.770232684E+00   0.236392599E+02   0.245556815E+03
   0.281571287E-01   0.781606535E+00   0.237491380E+02   0.212433977E+03
   0.285350395E-01   0.793029352E+00   0.238433664E+02   0.180373034E+03
   0.289184436E-01   0.804493750E+00   0.239224880E+02   0.149511507E+03
   0.293073590E-01   0.815992621E+00   0.239871109E+02   0.119984154E+03
   0.297018009E-01   0.827519164E+00   0.240379073E+02   0.919225082E+02
   0.301017808E-01   0.839066916E+00   0.240756115E+02   0.654544197E+02
   0.305073076E-01   0.850629783E+00   0.241010184E+02   0.407036090E+02
   0.309183869E-01   0.862202063E+00   0.241149809E+02   0.177892287E+02
   0.313350222E-01   0.873778479E+00   0.241184081E+02  -0.317456201E+01
   0.317572142E-01   0.885354203E+00   0.241122628E+02  -0.220790090E+02
   0.321849614E-01   0.896924881E+00   0.240975583E+02  -0.388211607E+02
   0.326182606E-01   0.908486659E+00   0.240753560E+02  -0.533042483E+02
   0.330571067E-01   0.920036200E+00   0.240467621E+02  -0.654380488E+02
   0.335014930E-01   0.931570711E+00   0.240129247E+02  -0.751392284E+02
   0.339514118E-01   0.943087958E+00   0.239750299E+02  -0.823316656E+02
   0.344068544E-01   0.954586286E+00   0.239342987E+02  -0.869467520E+02
   0.348678114E-01   0.966064632E+00   0.238919832E+02  -0.889236710E+02
   0.353342731E-01   0.977522541E+00   0.238493626E+02  -0.882096516E+02
   0.358062298E-01   0.988960179E+00   0.238077396E+02  -0.847601972E+02
   0.362836718E-01   0.100037834E+01   0.237684363E+02  -0.785392887E+02
   0.367665901E-01   0.101177846E+01   0.237327898E+02  -0.695195603E+02
   0.372549766E-01   0.102316262E+01   0.237021483E+02  -0.576824473E+02
   0.377488241E-01   0.103453354E+01   0.236778670E+02  -0.430183055E+02
   0.382481272E-01   0.104589461E+01   0.236613032E+02  -0.255265017E+02
   0.387528820E-01   0.105724985E+01   0.236538127E+02  -0.521547433E+01
   0.392630869E-01   0.106860394E+01   0.236567447E+02   0.178972364E+02
   0.397787424E-01   0.107996220E+01   0.236714381E+02   0.437849881E+02
   0.402998522E-01   0.109133061E+01   0.236992166E+02   0.724120672E+02
   0.408264225E-01   0.110271575E+01   0.237413849E+02   0.103733751E+03
   0.413584631E-01   0.111412485E+01   0.237992236E+02   0.137696397E+03
   0.418959874E-01   0.112556572E+01   0.238739860E+02   0.174237573E+03
   0.424390127E-01   0.113704678E+01   0.239668929E+02   0.213286203E+03
   0.429875602E-01   0.114857703E+01   0.240791293E+02   0.254762756E+03
   0.435416560E-01   0.116016602E+01   0.242118397E+02   0.298579459E+03
   0.441013306E-01   0.117182384E+01   0.243661247E+02   0.344640543E+03
   0.446666196E-01   0.118356112E+01   0.245430372E+02   0.392842510E+03
   0.452375638E-01   0.119538894E+01   0.247435783E+02   0.443074439E+03
   0.458142093E-01   0.120731889E+01   0.249686946E+02   0.495218313E+03
   0.463966081E-01   0.121936296E+01   0.252192739E+02   0.549149372E+03
   0.469848180E-01   0.123153359E+01   0.254961430E+02   0.604736495E+03
   0.475789027E-01   0.124384359E+01   0.258000640E+02   0.661842603E+03
   0.481789322E-01   0.125630610E+01   0.261317321E+02   0.720325088E+03
   0.487849831E-01   0.126893459E+01   0.264917727E+02   0.780036263E+03
   0.493971382E-01   0.128174283E+01   0.268807392E+02   0.840823834E+03
   0.500154872E-01   0.129474481E+01   0.272991108E+02   0.902531384E+03
   0.506401265E-01   0.130795474E+01   0.277472909E+02   0.964998889E+03
   0.512711593E-01   0.132138703E+01   0.282256052E+02   0.102806323E+04
   0.519086959E-01   0.133505619E+01   0.287343006E+02   0.109155876E+04
   0.525528535E-01   0.134897684E+01   0.292735438E+02   0.115531780E+04
   0.532037563E-01   0.136316369E+01   0.298434208E+02   0.121917126E+04
   0.538615356E-01   0.137763143E+01   0.304439362E+02   0.128294919E+04
   0.545263298E-01   0.139239476E+01   0.310750127E+02   0.134648132E+04
   0.551982842E-01   0.140746831E+01   0.317364917E+02   0.140959772E+04
   0.558775513E-01   0.142286662E+01   0.324281329E+02   0.147212932E+04
   0.565642904E-01   0.143860409E+01   0.331496155E+02   0.153390853E+04
   0.572586678E-01   0.145469496E+01   0.339005383E+02   0.159476984E+04
   0.579608564E-01   0.147115324E+01   0.346804216E+02   0.165455037E+04
   0.586710359E-01   0.148799271E+01   0.354887081E+02   0.171309048E+04
   0.593893925E-01   0.150522684E+01   0.363247650E+02   0.177023436E+04
   0.601161189E-01   0.152286881E+01   0.371878855E+02   0.182583054E+04
   0.608514139E-01   0.154093142E+01   0.380772912E+02   0.187973253E+04
   0.615954824E-01   0.155942708E+01   0.389921350E+02   0.193179927E+04
   0.623485351E-01   0.157836779E+01   0.399315032E+02   0.198189575E+04
   0.631107885E-01   0.159776509E+01   0.408944191E+02   0.202989346E+04
   0.638824644E-01   0.161763004E+01   0.418798457E+02   0.207567092E+04
   0.646637898E-01   0.163797317E+01   0.428866897E+02   0.211911415E+04
   0.654549968E-01   0.165880450E+01   0.439138048E+02   0.216011712E+04
   0.662563218E-01   0.168013348E+01   0.449599960E+02   0.219858216E+04
   0.670680060E-01   0.170196895E+01   0.460240233E+02   0.223442042E+04
   0.678902944E-01   0.172431919E+01   0.471046065E+02   0.226755218E+04
   0.687234360E-01   0.174719181E+01   0.482004291E+02   0.229790728E+04
   0.695676832E-01   0.177059382E+01   0.493101435E+02   0.232542535E+04
   0.704232917E-01   0.179453156E+01   0.504323754E+02   0.235005618E+04
   0.712905201E-01   0.181901068E+01   0.515657290E+02   0.237175994E+04
   0.721696294E-01   0.184403621E+01   0.527087919E+02   0.239050738E+04
   0.730608830E-01   0.186961245E+01   0.538601401E+02   0.240628009E+04
   0.739645461E-01   0.189574304E+01   0.550183436E+02   0.241907057E+04
   0.748808855E-01   0.192243093E+01   0.561819712E+02   0.242888242E+04
   0.758101693E-01   0.194967837E+01   0.573495964E+02   0.243573035E+04
   0.767526665E-01   0.197748695E+01   0.585198022E+02   0.243964029E+04
   0.777086467E-01   0.200585757E+01   0.596911869E+02   0.244064934E+04
   0.786783798E-01   0.203479046E+01   0.608623691E+02   0.243880578E+04
   0.796621355E-01   0.206428520E+01   0.620319934E+02   0.243416894E+04
   0.806601833E-01   0.209434071E+01   0.631987356E+02   0.242680913E+04
   0.816727920E-01   0.212495531E+01   0.643613075E+02   0.241680748E+04
   0.827002295E-01   0.215612670E+01   0.655184627E+02   0.240425573E+04
   0.837427623E-01   0.218785198E+01   0.666690012E+02   0.238925601E+04
   0.848006554E-01   0.222012770E+01   0.678117747E+02   0.237192058E+04
   0.858741723E-01   0.225294987E+01   0.689456908E+02   0.235237150E+04
   0.869635740E-01   0.228631398E+01   0.700697181E+02   0.233074029E+04
   0.880691196E-01   0.232021506E+01   0.711828907E+02   0.230716756E+04
   0.891910655E-01   0.235464767E+01   0.722843122E+02   0.228180258E+04
   0.903296655E-01   0.238960599E+01   0.733731596E+02   0.225480285E+04
   0.914851704E-01   0.242508378E+01   0.744486877E+02   0.222633356E+04
   0.926578280E-01   0.246107449E+01   0.755102323E+02   0.219656712E+04
   0.938478829E-01   0.249757127E+01   0.765572133E+02   0.216568260E+04
   0.950555762E-01   0.253456700E+01   0.775891383E+02   0.213386514E+04
   0.962811459E-01   0.257205437E+01   0.786056050E+02   0.210130533E+04
   0.975248259E-01   0.261002586E+01   0.796063038E+02   0.206819861E+04
   0.987868469E-01   0.264847386E+01   0.805910201E+02   0.203474456E+04
   0.100067436E+00   0.268739066E+01   0.815596355E+02   0.200114628E+04
   0.101366816E+00   0.272676853E+01   0.825121303E+02   0.196760962E+04
   0.102685206E+00   0.276659974E+01   0.834485839E+02   0.193434252E+04
   0.104022823E+00   0.280687663E+01   0.843691758E+02   0.190155423E+04
   0.105379878E+00   0.284759166E+01   0.852741861E+02   0.186945455E+04
   0.106756580E+00   0.288873742E+01   0.861639959E+02   0.183825312E+04
   0.108153133E+00   0.293030674E+01   0.870390862E+02   0.180815858E+04
   0.109569741E+00   0.297229268E+01   0.879000383E+02   0.177937781E+04
   0.111006600E+00   0.301468862E+01   0.887475319E+02   0.175211518E+04
   0.112463906E+00   0.305748828E+01   0.895823440E+02   0.172657170E+04
   0.113941852E+00   0.310068578E+01   0.904053473E+02   0.170294426E+04
   0.115440628E+00   0.314427568E+01   0.912175078E+02   0.168142485E+04
   0.116960419E+00   0.318825302E+01   0.920198823E+02   0.166219976E+04
   0.118501412E+00   0.323261338E+01   0.928136154E+02   0.164544882E+04
   0.120063789E+00   0.327735291E+01   0.935999366E+02   0.163134462E+04
   0.121647731E+00   0.332246834E+01   0.943801561E+02   0.162005177E+04
   0.123253418E+00   0.336795710E+01   0.951556612E+02   0.161172616E+04
   0.124881029E+00   0.341381726E+01   0.959279115E+02   0.160651424E+04
   0.126530742E+00   0.346004762E+01   0.966984349E+02   0.160455232E+04
   0.128202734E+00   0.350664773E+01   0.974688219E+02   0.160596590E+04
   0.129897183E+00   0.355361793E+01   0.982407205E+02   0.161086902E+04
   0.131614266E+00   0.360095934E+01   0.990158308E+02   0.161936364E+04
   0.133354163E+00   0.364867392E+01   0.997958986E+02   0.163153902E+04
   0.135117054E+00   0.369676448E+01   0.100582709E+03   0.164747120E+04
   0.136903118E+00   0.374523469E+01   0.101378082E+03   0.166722245E+04
   0.138712540E+00   0.379408910E+01   0.102183862E+03   0.169084078E+04
   0.140545506E+00   0.384333316E+01   0.103001913E+03   0.171835948E+04
   0.142402204E+00   0.389297321E+01   0.103834114E+03   0.174979674E+04
   0.144282825E+00   0.394301648E+01   0.104682346E+03   0.178515523E+04
   0.146187565E+00   0.399347112E+01   0.105548488E+03   0.182442182E+04
   0.148116624E+00   0.404434619E+01   0.106434411E+03   0.186756726E+04
   0.150070206E+00   0.409565162E+01   0.107341966E+03   0.191454598E+04
   0.152048520E+00   0.414739823E+01   0.108272979E+03   0.196529587E+04
   0.154051781E+00   0.419959772E+01   0.109229241E+03   0.201973815E+04
   0.156080209E+00   0.425226262E+01   0.110212503E+03   0.207777728E+04
   0.158134030E+00   0.430540631E+01   0.111224465E+03   0.213930093E+04
   0.160213478E+00   0.435904296E+01   0.112266769E+03   0.220417998E+04
   0.162318792E+00   0.441318752E+01   0.113340991E+03   0.227226859E+04
   0.164450221E+00   0.446785566E+01   0.114448635E+03   0.234340430E+04
   0.166608020E+00   0.452306378E+01   0.115591119E+03   0.241740824E+04
   0.168792452E+00   0.457882893E+01   0.116769774E+03   0.249408528E+04
   0.171003788E+00   0.463516875E+01   0.117985834E+03   0.257322439E+04
   0.173242309E+00   0.469210149E+01   0.119240427E+03   0.265459888E+04
   0.175508303E+00   0.474964589E+01   0.120534568E+03   0.273796686E+04
   0.177802070E+00   0.480782115E+01   0.121869154E+03   0.282307160E+04
   0.180123916E+00   0.486664687E+01   0.123244952E+03   0.290964204E+04
   0.182474158E+00   0.492614300E+01   0.124662599E+03   0.299739333E+04
   0.184853123E+00   0.498632974E+01   0.126122591E+03   0.308602739E+04
   0.187261148E+00   0.504722752E+01   0.127625277E+03   0.317523355E+04
   0.189698579E+00   0.510885687E+01   0.129170855E+03   0.326468921E+04
   0.192165771E+00   0.517123841E+01   0.130759365E+03   0.335406056E+04
   0.194663091E+00   0.523439271E+01   0.132390684E+03   0.344300335E+04
   0.197190915E+00   0.529834027E+01   0.134064523E+03   0.353116368E+04
   0.199749628E+00   0.536310139E+01   0.135780418E+03   0.361817886E+04
   0.202339626E+00   0.542869610E+01   0.137537732E+03   0.370367828E+04
   0.204961313E+00   0.549514411E+01   0.139335647E+03   0.378728431E+04
   0.207615104E+00   0.556246466E+01   0.141173161E+03   0.386861326E+04
   0.210301422E+00   0.563067649E+01   0.143049089E+03   0.394727638E+04
   0.213020699E+00   0.569979771E+01   0.144962057E+03   0.402288084E+04
   0.215773376E+00   0.576984574E+01   0.146910502E+03   0.409503077E+04
   0.218559902E+00   0.584083719E+01   0.148892670E+03   0.416332830E+04
   0.221380733E+00   0.591278779E+01   0.150906617E+03   0.422737468E+04
   0.224236334E+00   0.598571229E+01   0.152950206E+03   0.428677133E+04
   0.227127175E+00   0.605962436E+01   0.155021110E+03   0.434112095E+04
   0.230053733E+00   0.613453652E+01   0.157116811E+03   0.439002868E+04
   0.233016492E+00   0.621046003E+01   0.159234604E+03   0.443310318E+04
   0.236015938E+00   0.628740481E+01   0.161371595E+03   0.446995777E+04
   0.239052565E+00   0.636537934E+01   0.163524707E+03   0.450021158E+04
   0.242126868E+00   0.644439059E+01   0.165690682E+03   0.452349067E+04
   0.245239347E+00   0.652444391E+01   0.167866084E+03   0.453942916E+04
   0.248390502E+00   0.660554296E+01   0.170047302E+03   0.454767035E+04
   0.251580836E+00   0.668768965E+01   0.172230560E+03   0.454786783E+04
   0.254810851E+00   0.677088400E+01   0.174411915E+03   0.453968655E+04
   0.258081052E+00   0.685512412E+01   0.176587267E+03   0.452280394E+04
   0.261391937E+00   0.694040613E+01   0.178752365E+03   0.449691092E+04
   0.264744007E+00   0.702672405E+01   0.180902813E+03   0.446171297E+04
   0.268137757E+00   0.711406976E+01   0.183034076E+03   0.441693109E+04
   0.271573677E+00   0.720243295E+01   0.185141491E+03   0.436230282E+04
   0.275052253E+00   0.729180101E+01   0.187220272E+03   0.429758315E+04
   0.278573964E+00   0.738215904E+01   0.189265520E+03   0.422254543E+04
   0.282139281E+00   0.747348975E+01   0.191272231E+03   0.413698225E+04
   0.285748667E+00   0.756577341E+01   0.193235309E+03   0.404070622E+04
   0.289402573E+00   0.765898783E+01   0.195149568E+03   0.393355082E+04
   0.293101440E+00   0.775310834E+01   0.197009753E+03   0.381537107E+04
   0.296845698E+00   0.784810769E+01   0.198810541E+03   0.368604424E+04
   0.300635760E+00   0.794395610E+01   0.200546556E+03   0.354547049E+04
   0.304472026E+00   0.804062116E+01   0.202212381E+03   0.339357340E+04
   0.308354881E+00   0.813806788E+01   0.203802566E+03   0.323030055E+04
   0.312284690E+00   0.823625864E+01   0.205311645E+03   0.305562397E+04
   0.316261802E+00   0.833515321E+01   0.206734140E+03   0.286954052E+04
   0.320286543E+00   0.843470869E+01   0.208064582E+03   0.267207222E+04
   0.324359221E+00   0.853487960E+01   0.209297515E+03   0.246326661E+04
   0.328480118E+00   0.863561783E+01   0.210427515E+03   0.224319686E+04
   0.332649496E+00   0.873687269E+01   0.211449198E+03   0.201196202E+04
   0.336867590E+00   0.883859088E+01   0.212357232E+03   0.176968701E+04
   0.341134609E+00   0.894071660E+01   0.213146355E+03   0.151652275E+04
   0.345450734E+00   0.904319153E+01   0.213811380E+03   0.125264599E+04
   0.349816119E+00   0.914595486E+01   0.214347213E+03   0.978259301E+03
   0.354230887E+00   0.924894338E+01   0.214748864E+03   0.693590827E+03
   0.358695130E+00   0.935209152E+01   0.215011456E+03   0.398894057E+03
   0.363208909E+00   0.945533137E+01   0.215130242E+03   0.944475070E+02
   0.367772252E+00   0.955859280E+01   0.215100614E+03  -0.219445668E+03
   0.372385150E+00   0.966180350E+01   0.214918115E+03  -0.542458127E+03
   0.377047563E+00   0.976488904E+01   0.214578451E+03  -0.874238856E+03
   0.381759412E+00   0.986777300E+01   0.214077502E+03  -0.121441375E+04
   0.386520580E+00   0.997037701E+01   0.213411334E+03  -0.156258627E+04
   0.391330916E+00   0.100726209E+02   0.212576207E+03  -0.191833812E+04
   0.396190226E+00   0.101744226E+02   0.211568587E+03  -0.228123007E+04
   0.401098277E+00   0.102756986E+02   0.210385157E+03  -0.265080271E+04
   0.406054799E+00   0.103763637E+02   0.209022824E+03  -0.302657740E+04
   0.411059475E+00   0.104763314E+02   0.207478730E+03  -0.340805717E+04
   0.416111951E+00   0.105755138E+02   0.205750258E+03  -0.379472774E+04
   0.421211828E+00   0.106738218E+02   0.203835045E+03  -0.418605854E+04
   0.426358666E+00   0.107711652E+02   0.201730984E+03  -0.458150380E+04
   0.431551978E+00   0.108674530E+02   0.199436233E+03  -0.498050371E+04
   0.436791237E+00   0.109625932E+02   0.196949223E+03  -0.538248558E+04
   0.442075869E+00   0.110564933E+02   0.194268663E+03  -0.578686505E+04
   0.447405257E+00   0.111490600E+02   0.191393544E+03  -0.619304738E+04
   0.452778738E+00   0.112401998E+02   0.188323146E+03  -0.660042869E+04
   0.458195606E+00   0.113298189E+02   0.185057039E+03  -0.700839734E+04
   0.463655106E+00   0.114178233E+02   0.181595089E+03  -0.741633520E+04
   0.469156443E+00   0.115041189E+02   0.177937461E+03  -0.782361908E+04
   0.474698772E+00   0.115886120E+02   0.174084620E+03  -0.822962210E+04
   0.480281207E+00   0.116712090E+02   0.170037330E+03  -0.863371508E+04
   0.485902814E+00   0.117518169E+02   0.165796660E+03  -0.903526797E+04
   0.491562618E+00   0.118303431E+02   0.161363980E+03  -0.943365127E+04
   0.497259596E+00   0.119066958E+02   0.156740962E+03  -0.982823748E+04
   0.502992683E+00   0.119807843E+02   0.151929579E+03  -0.102184025E+05
   0.508760772E+00   0.120525185E+02   0.146932102E+03  -0.106035270E+05
   0.514562710E+00   0.121218097E+02   0.141751098E+03  -0.109829982E+05
   0.520397305E+00   0.121885706E+02   0.136389425E+03  -0.113562105E+05
   0.526263319E+00   0.122527152E+02   0.130850233E+03  -0.117225679E+05
   0.532159479E+00   0.123141590E+02   0.125136951E+03  -0.120814845E+05
   0.538084467E+00   0.123728194E+02   0.119253290E+03  -0.124323864E+05
   0.544036927E+00   0.124286155E+02   0.113203232E+03  -0.127747127E+05
   0.550015467E+00   0.124814685E+02   0.106991025E+03  -0.131079171E+05
   0.556018654E+00   0.125313017E+02   0.100621176E+03  -0.134314690E+05
   0.562045021E+00   0.125780404E+02   0.940984418E+02  -0.137448546E+05
   0.568093066E+00   0.126216125E+02   0.874278217E+02  -0.140475785E+05
   0.574161251E+00   0.126619483E+02   0.806145486E+02  -0.143391643E+05
   0.580248008E+00   0.126989805E+02   0.736640790E+02  -0.146191564E+05
   0.586351734E+00   0.127326447E+02   0.665820831E+02  -0.148871204E+05
   0.592470798E+00   0.127628792E+02   0.593744340E+02  -0.151426444E+05
   0.598603540E+00   0.127896251E+02   0.520471972E+02  -0.153853400E+05
   0.604748271E+00   0.128128264E+02   0.446066186E+02  -0.156148431E+05
   0.610903277E+00   0.128324303E+02   0.370591130E+02  -0.158308148E+05
   0.617066820E+00   0.128483871E+02   0.294112516E+02  -0.160329421E+05
   0.623237138E+00   0.128606501E+02   0.216697497E+02  -0.162209387E+05
   0.629412447E+00   0.128691762E+02   0.138414531E+02  -0.163945454E+05
   0.635590943E+00   0.128739252E+02   0.593332560E+01  -0.165535311E+05
   0.641770804E+00   0.128748605E+02  -0.204756478E+01  -0.166976928E+05
   0.647950193E+00   0.128719490E+02  -0.100940597E+02  -0.168268566E+05
   0.654127255E+00   0.128651609E+02  -0.181989241E+02  -0.169408774E+05
   0.660300123E+00   0.128544699E+02  -0.263548605E+02  -0.170396399E+05
   0.666466918E+00   0.128398532E+02  -0.345545231E+02  -0.171230580E+05
   0.672625751E+00   0.128212917E+02  -0.427905320E+02  -0.171910758E+05
   0.678774724E+00   0.127987697E+02  -0.510554875E+02  -0.172436670E+05
   0.684911934E+00   0.127722750E+02  -0.593419845E+02  -0.172808351E+05
   0.691035471E+00   0.127417991E+02  -0.676426267E+02  -0.173026134E+05
   0.697143424E+00   0.127073370E+02  -0.759500409E+02  -0.173090648E+05
   0.703233877E+00   0.126688871E+02  -0.842568911E+02  -0.173002813E+05
   0.709304918E+00   0.126264516E+02  -0.925558926E+02  -0.172763841E+05
   0.715354634E+00   0.125800359E+02  -0.100839826E+03  -0.172375230E+05
   0.721381117E+00   0.125296489E+02  -0.109101549E+03  -0.171838757E+05
   0.727382463E+00   0.124753031E+02  -0.117334013E+03  -0.171156476E+05
   0.733356777E+00   0.124170141E+02  -0.125530275E+03  -0.170330711E+05
   0.739302169E+00   0.123548009E+02  -0.133683507E+03  -0.169364049E+05
   0.745216761E+00   0.122886859E+02  -0.141787014E+03  -0.168259333E+05
   0.751098687E+00   0.122186944E+02  -0.149834243E+03  -0.167019651E+05
   0.756946092E+00   0.121448550E+02  -0.157818794E+03  -0.165648333E+05
   0.762757137E+00   0.120671994E+02  -0.165734434E+03  -0.164148934E+05
   0.768529998E+00   0.119857620E+02  -0.173575103E+03  -0.162525233E+05
   0.774262870E+00   0.119005802E+02  -0.181334931E+03  -0.160781215E+05
   0.779953963E+00   0.118116943E+02  -0.189008242E+03  -0.158921062E+05
   0.785601510E+00   0.117191470E+02  -0.196589565E+03  -0.156949145E+05
   0.791203765E+00   0.116229839E+02  -0.204073644E+03  -0.154870009E+05
   0.796759004E+00   0.115232527E+02  -0.211455445E+03  -0.152688358E+05
   0.802265525E+00   0.114200038E+02  -0.218730164E+03  -0.150409049E+05
   0.807721653E+00   0.113132896E+02  -0.225893231E+03  -0.148037072E+05
   0.813125737E+00   0.112031648E+02  -0.232940322E+03  -0.145577543E+05
   0.818476155E+00   0.110896861E+02  -0.239867358E+03  -0.143035682E+05
   0.823771309E+00   0.109729120E+02  -0.246670515E+03  -0.140416809E+05
   0.829009632E+00   0.108529028E+02  -0.253346226E+03  -0.137726321E+05
   0.834189588E+00   0.107297205E+02  -0.259891183E+03  -0.134969682E+05
   0.839309667E+00   0.106034287E+02  -0.266302345E+03  -0.132152409E+05
   0.844368392E+00   0.104740921E+02  -0.272576933E+03  -0.129280054E+05
   0.849364318E+00   0.103417771E+02  -0.278712438E+03  -0.126358193E+05
   0.854296032E+00   0.102065508E+02  -0.284706617E+03  -0.123392410E+05
   0.859162152E+00   0.100684816E+02  -0.290557496E+03  -0.120388279E+05
   0.863961331E+00   0.992763880E+01  -0.296263367E+03  -0.117351357E+05
   0.868692253E+00   0.978409224E+01  -0.301822790E+03  -0.114287162E+05
   0.873353638E+00   0.963791254E+01  -0.307234586E+03  -0.111201163E+05
   0.877944239E+00   0.948917080E+01  -0.312497839E+03  -0.108098763E+05
   0.882462844E+00   0.933793849E+01  -0.317611890E+03  -0.104985288E+05
   0.886908273E+00   0.918428733E+01  -0.322576333E+03  -0.101865974E+05
   0.891279384E+00   0.902828918E+01  -0.327391012E+03  -0.987459483E+04
   0.895575067E+00   0.887001591E+01  -0.332056013E+03  -0.956302223E+04
   0.899794247E+00   0.870953930E+01  -0.336571661E+03  -0.925236760E+04
   0.903935883E+00   0.854693092E+01  -0.340938509E+03  -0.894310469E+04
   0.907998971E+00   0.838226202E+01  -0.345157337E+03  -0.863569177E+04
   0.911982536E+00   0.821560340E+01  -0.349229140E+03  -0.833057054E+04
   0.915885643E+00   0.804702537E+01  -0.353155119E+03  -0.802816505E+04
   0.919707385E+00   0.787659760E+01  -0.356936678E+03  -0.772888069E+04
   0.923446892E+00   0.770438902E+01  -0.360575406E+03  -0.743310323E+04
   0.927103324E+00   0.753046778E+01  -0.364073076E+03  -0.714119789E+04
   0.930675877E+00   0.735490112E+01  -0.367431631E+03  -0.685350856E+04
   0.934163777E+00   0.717775533E+01  -0.370653171E+03  -0.657035698E+04
   0.937566280E+00   0.699909564E+01  -0.373739947E+03  -0.629204204E+04
   0.940882677E+00   0.681898617E+01  -0.376694349E+03  -0.601883917E+04
   0.944112285E+00   0.663748985E+01  -0.379518891E+03  -0.575099974E+04
   0.947254455E+00   0.645466839E+01  -0.382216204E+03  -0.548875058E+04
   0.950308564E+00   0.627058221E+01  -0.384789019E+03  -0.523229357E+04
   0.953274021E+00   0.608529040E+01  -0.387240161E+03  -0.498180528E+04
   0.956150259E+00   0.589885066E+01  -0.389572531E+03  -0.473743668E+04
   0.958936743E+00   0.571131930E+01  -0.391789099E+03  -0.449931298E+04
   0.961632960E+00   0.552275117E+01  -0.393892887E+03  -0.426753350E+04
   0.964238427E+00   0.533319968E+01  -0.395886958E+03  -0.404217159E+04
   0.966752683E+00   0.514271675E+01  -0.397774406E+03  -0.382327472E+04
   0.969175294E+00   0.495135281E+01  -0.399558340E+03  -0.361086458E+04
   0.971505848E+00   0.475915681E+01  -0.401241873E+03  -0.340493721E+04
   0.973743959E+00   0.456617618E+01  -0.402828112E+03  -0.320546334E+04
   0.975889259E+00   0.437245689E+01  -0.404320142E+03  -0.301238868E+04
   0.977941406E+00   0.417804343E+01  -0.405721017E+03  -0.282563436E+04
   0.979900077E+00   0.398297882E+01  -0.407033746E+03  -0.264509736E+04
   0.981764968E+00   0.378730466E+01  -0.408261285E+03  -0.247065115E+04
   0.983535798E+00   0.359106115E+01  -0.409406522E+03  -0.230214624E+04
   0.985212302E+00   0.339428712E+01  -0.410472269E+03  -0.213941089E+04
   0.986794235E+00   0.319702006E+01  -0.411461249E+03  -0.198225191E+04
   0.988281368E+00   0.299929618E+01  -0.412376089E+03  -0.183045540E+04
   0.989673492E+00   0.280115047E+01  -0.413219307E+03  -0.168378771E+04
   0.990970411E+00   0.260261672E+01  -0.413993305E+03  -0.154199633E+04
   0.992171947E+00   0.240372761E+01  -0.414700360E+03  -0.140481090E+04
   0.993277938E+00   0.220451474E+01  -0.415342615E+03  -0.127194427E+04
   0.994288234E+00   0.200500875E+01  -0.415922069E+03  -0.114309354E+04
   0.995202704E+00   0.180523931E+01  -0.416440576E+03  -0.101794130E+04
   0.996021227E+00   0.160523527E+01  -0.416899832E+03  -0.896156711E+03
   0.996743697E+00   0.140502470E+01  -0.417301371E+03  -0.777396796E+03
   0.997370022E+00   0.120463497E+01  -0.417646560E+03  -0.661307677E+03
   0.997900122E+00   0.100409283E+01  -0.417936595E+03  -0.547525865E+03
   0.998333930E+00   0.803424501E+00  -0.418172495E+03  -0.435679586E+03
   0.998671393E+00   0.602655761E+00  -0.418355097E+03  -0.325390119E+03
   0.998912468E+00   0.401812029E+00  -0.418485057E+03  -0.216273166E+03
   0.999057125E+00   0.200918453E+00  -0.418562845E+03  -0.107940228E+03
   0.999105346E+00   0.575596365E-13  -0.418588742E+03  -0.734404078E-09
   0.999057125E+00  -0.200918453E+00  -0.418562845E+03   0.107940228E+03
   0.998912468E+00  -0.401812029E+00  -0.418485057E+03   0.216273166E+03
   0.998671393E+00  -0.602655761E+00  -0.418355097E+03   0.325390119E+03
   0.998333930E+00  -0.803424501E+00  -0.418172495E+03   0.435679586E+03
   0.997900122E+00  -0.100409283E+01  -0.417936595E+03   0.547525865E+03
   0.997370022E+00  -0.120463497E+01  -0.417646560E+03   0.661307677E+03
   0.996743697E+00  -0.140502470E+01  -0.417301371E+03   0.777396796E+03
   0.996021227E+00  -0.160523527E+01  -0.416899832E+03   0.896156711E+03
   0.995202704E+00  -0.180523931E+01  -0.416440576E+03   0.101794130E+04
   0.994288234E+00  -0.200500875E+01  -0.415922069E+03   0.114309354E+04
   0.993277938E+00  -0.220451474E+01  -0.415342615E+03   0.127194427E+04
   0.992171947E+00  -0.240372761E+01  -0.414700360E+03   0.140481090E+04
   0.990970411E+00  -0.260261672E+01  -0.413993305E+03   0.154199633E+04
   0.989673492E+00  -0.280115047E+01  -0.413219307E+03   0.168378771E+04
   0.988281368E+00  -0.299929618E+01  -0.412376089E+03   0.183045540E+04
   0.986794235E+00  -0.319702006E+01  -0.411461249E+03   0.198225191E+04
   0.985212302E+00  -0.339428712E+01  -0.410472269E+03   0.213941089E+04
   0.983535798E+00  -0.359106115E+01  -0.409406522E+03   0.230214624E+04
   0.981764968E+00  -0.378730466E+01  -0.408261285E+03   0.247065115E+04
   0.979900077E+00  -0.398297882E+01  -0.407033746E+03   0.264509736E+04
   0.977941406E+00  -0.417804343E+01  -0.405721017E+03   0.282563436E+04
   0.975889259E+00  -0.437245689E+01  -0.404320142E+03   0.301238868E+04
   0.973743959E+00  -0.456617618E+01  -0.402828112E+03   0.320546334E+04
   0.971505848E+00  -0.475915681E+01  -0.401241873E+03   0.340493721E+04
   0.969175294E+00  -0.495135281E+01  -0.399558340E+03   0.361086458E+04
   0.966752683E+00  -0.514271675E+01  -0.397774406E+03   0.382327472E+04
   0.964238427E+00  -0.533319968E+01  -0.395886958E+03   0.404217159E+04
   0.961632960E+00  -0.552275117E+01  -0.393892887E+03   0.426753350E+04
   0.958936743E+00  -0.571131930E+01  -0.391789099E+03   0.449931298E+04
   0.956150259E+00  -0.589885066E+01  -0.389572531E+03   0.473743668E+04
   0.953274021E+00  -0.608529040E+01  -0.387240161E+03   0.498180528E+04
   0.950308564E+00  -0.627058221E+01  -0.384789019E+03   0.523229357E+04
   0.947254455E+00  -0.645466839E+01  -0.382216204E+03   0.548875058E+04
   0.944112285E+00  -0.663748985E+01  -0.379518891E+03   0.575099974E+04
   0.940882677E+00  -0.681898617E+01  -0.376694349E+03   0.601883917E+04
   0.937566280E+00  -0.699909564E+01  -0.373739947E+03   0.629204204E+04
   0.934163777E+00  -0.717775533E+01  -0.370653171E+03   0.657035698E+04
   0.930675877E+00  -0.735490112E+01  -0.367431631E+03   0.685350856E+04
   0.927103324E+00  -0.753046778E+01  -0.364073076E+03   0.714119789E+04
   0.923446892E+00  -0.770438902E+01  -0.360575406E+03   0.743310323E+04
   0.919707385E+00  -0.787659760E+01  -0.356936678E+03   0.772888069E+04
   0.915885643E+00  -0.804702537E+01  -0.353155119E+03   0.802816505E+04
   0.911982536E+00  -0.821560340E+01  -0.349229140E+03   0.833057054E+04
   0.907998971E+00  -0.838226202E+01  -0.345157337E+03   0.863569177E+04
   0.903935883E+00  -0.854693092E+01  -0.340938509E+03   0.894310469E+04
   0.899794247E+00  -0.870953930E+01  -0.336571661E+03   0.925236760E+04
   0.895575067E+00  -0.887001591E+01  -0.332056013E+03   0.956302223E+04
   0.891279384E+00  -0.902828918E+01  -0.327391012E+03   0.987459483E+04
   0.886908273E+00  -0.918428733E+01  -0.322576333E+03   0.101865974E+05
   0.882462844E+00  -0.933793849E+01  -0.317611890E+03   0.104985288E+05
   0.877944239E+00  -0.948917080E+01  -0.312497839E+03   0.108098763E+05
   0.873353638E+00  -0.963791254E+01  -0.307234586E+03   0.111201163E+05
   0.868692253E+00  -0.978409224E+01  -0.301822790E+03   0.114287162E+05
   0.863961331E+00  -0.992763880E+01  -0.296263367E+03   0.117351357E+05
   0.859162152E+00  -0.100684816E+02  -0.290557496E+03   0.120388279E+05
   0.854296032E+00  -0.102065508E+02  -0.284706617E+03   0.123392410E+05
   0.849364318E+00  -0.103417771E+02  -0.278712438E+03   0.126358193E+05
   0.844368392E+00  -0.104740921E+02  -0.272576933E+03   0.129280054E+05
   0.839309667E+00  -0.106034287E+02  -0.266302345E+03   0.132152409E+05
   0.834189588E+00  -0.107297205E+02  -0.259891183E+03   0.134969682E+05
   0.829009632E+00  -0.108529028E+02  -0.253346226E+03   0.137726321E+05
   0.823771309E+00  -0.109729120E+02  -0.246670515E+03   0.140416809E+05
   0.818476155E+00  -0.110896861E+02  -0.239867358E+03   0.143035682E+05
   0.813125737E+00  -0.112031648E+02  -0.232940322E+03   0.145577543E+05
   0.807721653E+00  -0.113132896E+02  -0.225893231E+03   0.148037072E+05
   0.802265525E+00  -0.114200038E+02  -0.218730164E+03   0.150409049E+05
   0.796759004E+00  -0.115232527E+02  -0.211455445E+03   0.152688358E+05
   0.791203765E+00  -0.116229839E+02  -0.204073644E+03   0.154870009E+05
   0.785601510E+00  -0.117191470E+02  -0.196589565E+03   0.156949145E+05
   0.779953963E+00  -0.118116943E+02  -0.189008242E+03   0.158921062E+05
   0.774262870E+00  -0.119005802E+02  -0.181334931E+03   0.160781215E+05
   0.768529998E+00  -0.119857620E+02  -0.173575103E+03   0.162525233E+05
   0.762757137E+00  -0.120671994E+02  -0.165734434E+03   0.164148934E+05
   0.756946092E+00  -0.121448550E+02  -0.157818794E+03   0.165648333E+05
   0.751098687E+00  -0.122186944E+02  -0.149834243E+03   0.167019651E+05
   0.745216761E+00  -0.122886859E+02  -0.141787014E+03   0.168259333E+05
   0.739302169E+00  -0.123548009E+02  -0.133683507E+03   0.169364049E+05
   0.733356777E+00  -0.124170141E+02  -0.125530275E+03   0.170330711E+05
   0.727382463E+00  -0.124753031E+02  -0.117334013E+03   0.171156476E+05
   0.721381117E+00  -0.125296489E+02  -0.109101549E+03   0.171838757E+05
   0.715354634E+00  -0.125800359E+02  -0.100839826E+03   0.172375230E+05
   0.709304918E+00  -0.126264516E+02  -0.925558926E+02   0.172763841E+05
   0.703233877E+00  -0.126688871E+02  -0.842568911E+02   0.173002813E+05
   0.697143424E+00  -0.127073370E+02  -0.759500409E+02   0.173090648E+05
   0.691035471E+00  -0.127417991E+02  -0.676426267E+02   0.173026134E+05
   0.684911934E+00  -0.127722750E+02  -0.593419845E+02   0.172808351E+05
   0.678774724E+00  -0.127987697E+02  -0.510554875E+02   0.172436670E+05
   0.672625751E+00  -0.128212917E+02  -0.427905320E+02   0.171910758E+05
   0.666466918E+00  -0.128398532E+02  -0.345545231E+02   0.171230580E+05
   0.660300123E+00  -0.128544699E+02  -0.263548605E+02   0.170396399E+05
   0.654127255E+00  -0.128651609E+02  -0.181989241E+02   0.169408774E+05
   0.647950193E+00  -0.128719490E+02  -0.100940597E+02   0.168268566E+05
   0.641770804E+00  -0.128748605E+02  -0.204756478E+01   0.166976928E+05
   0.635590943E+00  -0.128739252E+02   0.593332560E+01   0.165535311E+05
   0.629412447E+00  -0.128691762E+02   0.138414531E+02   0.163945454E+05
   0.623237138E+00  -0.128606501E+02   0.216697497E+02   0.162209387E+05
   0.617066820E+00  -0.128483871E+02   0.294112516E+02   0.160329421E+05
   0.610903277E+00  -0.128324303E+02   0.370591130E+02   0.158308148E+05
   0.604748271E+00  -0.128128264E+02   0.446066186E+02   0.156148431E+05
   0.598603540E+00  -0.127896251E+02   0.520471972E+02   0.153853400E+05
   0.592470798E+00  -0.127628792E+02   0.593744340E+02   0.151426444E+05
   0.586351734E+00  -0.127326447E+02   0.665820831E+02   0.148871204E+05
   0.580248008E+00  -0.126989805E+02   0.736640790E+02   0.146191564E+05
   0.574161251E+00  -0.126619483E+02   0.806145486E+02   0.143391643E+05
   0.568093066E+00  -0.126216125E+02   0.874278217E+02   0.140475785E+05
   0.562045021E+00  -0.125780404E+02   0.940984418E+02   0.137448546E+05
   0.556018654E+00  -0.125313017E+02   0.100621176E+03   0.134314690E+05
   0.550015467E+00  -0.124814685E+02   0.106991025E+03   0.131079171E+05
   0.544036927E+00  -0.124286155E+02   0.113203232E+03   0.127747127E+05
   0.538084467E+00  -0.123728194E+02   0.119253290E+03   0.124323864E+05
   0.532159479E+00  -0.123141590E+02   0.125136951E+03   0.120814845E+05
   0.526263319E+00  -0.122527152E+02   0.130850233E+03   0.117225679E+05
   0.520397305E+00  -0.121885706E+02   0.136389425E+03   0.113562105E+05
   0.514562710E+00  -0.121218097E+02   0.141751098E+03   0.109829982E+05
   0.508760772E+00  -0.120525185E+02   0.146932102E+03   0.106035270E+05
   0.502992683E+00  -0.119807843E+02   0.151929579E+03   0.102184025E+05
   0.497259596E+00  -0.119066958E+02   0.156740962E+03   0.982823748E+04
   0.491562618E+00  -0.118303431E+02   0.161363980E+03   0.943365127E+04
   0.485902814E+00  -0.117518169E+02   0.165796660E+03   0.903526797E+04
   0.480281207E+00  -0.116712090E+02   0.170037330E+03   0.863371508E+04
   0.474698772E+00  -0.115886120E+02   0.174084620E+03   0.822962210E+04
   0.469156443E+00  -0.115041189E+02   0.177937461E+03   0.782361908E+04
   0.463655106E+00  -0.114178233E+02   0.181595089E+03   0.741633520E+04
   0.458195606E+00  -0.113298189E+02   0.185057039E+03   0.700839734E+04
   0.452778738E+00  -0.112401998E+02   0.188323146E+03   0.660042869E+04
   0.447405257E+00  -0.111490600E+02   0.191393544E+03   0.619304738E+04
   0.442075869E+00  -0.110564933E+02   0.194268663E+03   0.578686505E+04
   0.436791237E+00  -0.109625932E+02   0.196949223E+03   0.538248558E+04
   0.431551978E+00  -0.108674530E+02   0.199436233E+03   0.498050371E+04
   0.426358666E+00  -0.107711652E+02   0.201730984E+03   0.458150380E+04
   0.421211828E+00  -0.106738218E+02   0.203835045E+03   0.418605854E+04
   0.416111951E+00  -0.105755138E+02   0.205750258E+03   0.379472774E+04
   0.411059475E+00  -0.104763314E+02   0.207478730E+03   0.340805717E+04
   0.406054799E+00  -0.103763637E+02   0.209022824E+03   0.302657740E+04
   0.401098277E+00  -0.102756986E+02   0.210385157E+03   0.265080271E+04
   0.396190226E+00  -0.101744226E+02   0.211568587E+03   0.228123007E+04
   0.391330916E+00  -0.100726209E+02   0.212576207E+03   0.191833812E+04
   0.386520580E+00  -0.997037701E+01   0.213411334E+03   0.156258627E+04
   0.381759412E+00  -0.986777300E+01   0.214077502E+03   0.121441375E+04
   0.377047563E+00  -0.976488904E+01   0.214578451E+03   0.874238856E+03
   0.372385150E+00  -0.966180350E+01   0.214918115E+03   0.542458127E+03
   0.367772252E+00  -0.955859280E+01   0.215100614E+03   0.219445668E+03
   0.363208909E+00  -0.945533137E+01   0.215130242E+03  -0.944475070E+02
   0.358695130E+00  -0.935209152E+01   0.215011456E+03  -0.398894057E+03
   0.354230887E+00  -0.924894338E+01   0.214748864E+03  -0.693590827E+03
   0.349816119E+00  -0.914595486E+01   0.214347213E+03  -0.978259301E+03
   0.345450734E+00  -0.904319153E+01   0.213811380E+03  -0.125264599E+04
   0.341134609E+00  -0.894071660E+01   0.213146355E+03  -0.151652275E+04
   0.336867590E+00  -0.883859088E+01   0.212357232E+03  -0.176968701E+04
   0.332649496E+00  -0.873687269E+01   0.211449198E+03  -0.201196202E+04
   0.328480118E+00  -0.863561783E+01   0.210427515E+03  -0.224319686E+04
   0.324359221E+00  -0.853487960E+01   0.209297515E+03  -0.246326661E+04
   0.320286543E+00  -0.843470869E+01   0.208064582E+03  -0.267207222E+04
   0.316261802E+00  -0.833515321E+01   0.206734140E+03  -0.286954052E+04
   0.312284690E+00  -0.823625864E+01   0.205311645E+03  -0.305562397E+04
   0.308354881E+00  -0.813806788E+01   0.203802566E+03  -0.323030055E+04
   0.304472026E+00  -0.804062116E+01   0.202212381E+03  -0.339357340E+04
   0.300635760E+00  -0.794395610E+01   0.200546556E+03  -0.354547049E+04
   0.296845698E+00  -0.784810769E+01   0.198810541E+03  -0.368604424E+04
   0.293101440E+00  -0.775310834E+01   0.197009753E+03  -0.381537107E+04
   0.289402573E+00  -0.765898783E+01   0.195149568E+03  -0.393355082E+04
   0.285748667E+00  -0.756577341E+01   0.193235309E+03  -0.404070622E+04
   0.282139281E+00  -0.747348975E+01   0.191272231E+03  -0.413698225E+04
   0.278573964E+00  -0.738215904E+01   0.189265520E+03  -0.422254543E+04
   0.275052253E+00  -0.729180101E+01   0.187220272E+03  -0.429758315E+04
   0.271573677E+00  -0.720243295E+01   0.185141491E+03  -0.436230282E+04
   0.268137757E+00  -0.711406976E+01   0.183034076E+03  -0.441693109E+04
   0.264744007E+00  -0.702672405E+01   0.180902813E+03  -0.446171297E+04
   0.261391937E+00  -0.694040613E+01   0.178752365E+03  -0.449691092E+04
   0.258081052E+00  -0.685512412E+01   0.176587267E+03  -0.452280394E+04
   0.254810851E+00  -0.677088400E+01   0.174411915E+03  -0.453968655E+04
   0.251580836E+00  -0.668768965E+01   0.172230560E+03  -0.454786783E+04
   0.248390502E+00  -0.660554296E+01   0.170047302E+03  -0.454767035E+04
   0.245239347E+00  -0.652444391E+01   0.167866084E+03  -0.453942916E+04
   0.242126868E+00  -0.644439059E+01   0.165690682E+03  -0.452349067E+04
   0.239052565E+00  -0.636537934E+01   0.163524707E+03  -0.450021158E+04
   0.236015938E+00  -0.628740481E+01   0.161371595E+03  -0.446995777E+04
   0.233016492E+00  -0.621046003E+01   0.159234604E+03  -0.443310318E+04
   0.230053733E+00  -0.613453652E+01   0.157116811E+03  -0.439002868E+04
   0.227127175E+00  -0.605962436E+01   0.155021110E+03  -0.434112095E+04
   0.224236334E+00  -0.598571229E+01   0.152950206E+03  -0.428677133E+04
   0.221380733E+00  -0.591278779E+01   0.150906617E+03  -0.422737468E+04
   0.218559902E+00  -0.584083719E+01   0.148892670E+03  -0.416332830E+04
   0.215773376E+00  -0.576984574E+01   0.146910502E+03  -0.409503077E+04
   0.213020699E+00  -0.569979771E+01   0.144962057E+03  -0.402288084E+04
   0.210301422E+00  -0.563067649E+01   0.143049089E+03  -0.394727638E+04
   0.207615104E+00  -0.556246466E+01   0.141173161E+03  -0.386861326E+04
   0.204961313E+00  -0.549514411E+01   0.139335647E+03  -0.378728431E+04
   0.202339626E+00  -0.542869610E+01   0.137537732E+03  -0.370367828E+04
   0.199749628E+00  -0.536310139E+01   0.135780418E+03  -0.361817886E+04
   0.197190915E+00  -0.529834027E+01   0.134064523E+03  -0.353116368E+04
   0.194663091E+00  -0.523439271E+01   0.132390684E+03  -0.344300335E+04
   0.192165771E+00  -0.517123841E+01   0.130759365E+03  -0.335406056E+04
   0.189698579E+00  -0.510885687E+01   0.129170855E+03  -0.326468921E+04
   0.187261148E+00  -0.504722752E+01   0.127625277E+03  -0.317523355E+04
   0.184853123E+00  -0.498632974E+01   0.126122591E+03  -0.308602739E+04
   0.182474158E+00  -0.492614300E+01   0.124662599E+03  -0.299739333E+04
   0.180123916E+00  -0.486664687E+01   0.123244952E+03  -0.290964204E+04
   0.177802070E+00  -0.480782115E+01   0.121869154E+03  -0.282307160E+04
   0.175508303E+00  -0.474964589E+01   0.120534568E+03  -0.273796686E+04
   0.173242309E+00  -0.469210149E+01   0.119240427E+03  -0.265459888E+04
   0.171003788E+00  -0.463516875E+01   0.117985834E+03  -0.257322439E+04
   0.168792452E+00  -0.457882893E+01   0.116769774E+03  -0.249408528E+04
   0.166608020E+00  -0.452306378E+01   0.115591119E+03  -0.241740824E+04
   0.164450221E+00  -0.446785566E+01   0.114448635E+03  -0.234340430E+04
   0.162318792E+00  -0.441318752E+01   0.113340991E+03  -0.227226859E+04
   0.160213478E+00  -0.435904296E+01   0.112266769E+03  -0.220417998E+04
   0.158134030E+00  -0.430540631E+01   0.111224465E+03  -0.213930093E+04
   0.156080209E+00  -0.425226262E+01   0.110212503E+03  -0.207777728E+04
   0.154051781E+00  -0.419959772E+01   0.109229241E+03  -0.201973815E+04
   0.152048520E+00  -0.414739823E+01   0.108272979E+03  -0.196529587E+04
   0.150070206E+00  -0.409565162E+01   0.107341966E+03  -0.191454598E+04
   0.148116624E+00  -0.404434619E+01   0.106434411E+03  -0.186756726E+04
   0.146187565E+00  -0.399347112E+01   0.105548488E+03  -0.182442182E+04
   0.144282825E+00  -0.394301648E+01   0.104682346E+03  -0.178515523E+04
   0.142402204E+00  -0.389297321E+01   0.103834114E+03  -0.174979674E+04
   0.140545506E+00  -0.384333316E+01   0.103001913E+03  -0.171835948E+04
   0.138712540E+00  -0.379408910E+01   0.102183862E+03  -0.169084078E+04
   0.136903118E+00  -0.374523469E+01   0.101378082E+03  -0.166722245E+04
   0.135117054E+00  -0.369676448E+01   0.100582709E+03  -0.164747120E+04
   0.133354163E+00  -0.364867392E+01   0.997958986E+02  -0.163153902E+04
   0.131614266E+00  -0.360095934E+01   0.990158308E+02  -0.161936364E+04
   0.129897183E+00  -0.355361793E+01   0.982407205E+02  -0.161086902E+04
   0.128202734E+00  -0.350664773E+01   0.974688219E+02  -0.160596590E+04
   0.126530742E+00  -0.346004762E+01   0.966984349E+02  -0.160455232E+04
   0.124881029E+00  -0.341381726E+01   0.959279115E+02  -0.160651424E+04
   0.123253418E+00  -0.336795710E+01   0.951556612E+02  -0.161172616E+04
   0.121647731E+00  -0.332246834E+01   0.943801561E+02  -0.162005177E+04
   0.120063789E+00  -0.327735291E+01   0.935999366E+02  -0.163134462E+04
   0.118501412E+00  -0.323261338E+01   0.928136154E+02  -0.164544882E+04
   0.116960419E+00  -0.318825302E+01   0.920198823E+02  -0.166219976E+04
   0.115440628E+00  -0.314427568E+01   0.912175078E+02  -0.168142485E+04
   0.113941852E+00  -0.310068578E+01   0.904053473E+02  -0.170294426E+04
   0.112463906E+00  -0.305748828E+01   0.895823440E+02  -0.172657170E+04
   0.111006600E+00  -0.301468862E+01   0.887475319E+02  -0.175211518E+04
   0.109569741E+00  -0.297229268E+01   0.879000383E+02  -0.177937781E+04
   0.108153133E+00  -0.293030674E+01   0.870390862E+02  -0.180815858E+04
   0.106756580E+00  -0.288873742E+01   0.861639959E+02  -0.183825312E+04
   0.105379878E+00  -0.284759166E+01   0.852741861E+02  -0.186945455E+04
   0.104022823E+00  -0.280687663E+01   0.843691758E+02  -0.190155423E+04
   0.102685206E+00  -0.276659974E+01   0.834485839E+02  -0.193434252E+04
   0.101366816E+00  -0.272676853E+01   0.825121303E+02  -0.196760962E+04
   0.100067436E+00  -0.268739066E+01   0.815596355E+02  -0.200114628E+04
   0.987868469E-01  -0.264847386E+01   0.805910201E+02  -0.203474456E+04
   0.975248259E-01  -0.261002586E+01   0.796063038E+02  -0.206819861E+04
   0.962811459E-01  -0.257205437E+01   0.786056050E+02  -0.210130533E+04
   0.950555762E-01  -0.253456700E+01   0.775891383E+02  -0.213386514E+04
   0.938478829E-01  -0.249757127E+01   0.765572133E+02  -0.216568260E+04
   0.926578280E-01  -0.246107449E+01   0.755102323E+02  -0.219656712E+04
   0.914851704E-01  -0.242508378E+01   0.744486877E+02  -0.222633356E+04
   0.903296655E-01  -0.238960599E+01   0.733731596E+02  -0.225480285E+04
   0.891910655E-01  -0.235464767E+01   0.722843122E+02  -0.228180258E+04
   0.880691196E-01  -0.232021506E+01   0.711828907E+02  -0.230716756E+04
   0.869635740E-01  -0.228631398E+01   0.700697181E+02  -0.233074029E+04
   0.858741723E-01  -0.225294987E+01   0.689456908E+02  -0.235237150E+04
   0.848006554E-01  -0.222012770E+01   0.678117747E+02  -0.237192058E+04
   0.837427623E-01  -0.218785198E+01   0.666690012E+02  -0.238925601E+04
   0.827002295E-01  -0.215612670E+01   0.655184627E+02  -0.240425573E+04
   0.816727920E-01  -0.212495531E+01   0.643613075E+02  -0.241680748E+04
   0.806601833E-01  -0.209434071E+01   0.631987356E+02  -0.242680913E+04
   0.796621355E-01  -0.206428520E+01   0.620319934E+02  -0.243416894E+04
   0.786783798E-01  -0.203479046E+01   0.608623691E+02  -0.243880578E+04
   0.777086467E-01  -0.200585757E+01   0.596911869E+02  -0.244064934E+04
   0.767526665E-01  -0.197748695E+01   0.585198022E+02  -0.243964029E+04
   0.758101693E-01  -0.194967837E+01   0.573495964E+02  -0.243573035E+04
   0.748808855E-01  -0.192243093E+01   0.561819712E+02  -0.242888242E+04
   0.739645461E-01  -0.189574304E+01   0.550183436E+02  -0.241907057E+04
   0.730608830E-01  -0.186961245E+01   0.538601401E+02  -0.240628009E+04
   0.721696294E-01  -0.184403621E+01   0.527087919E+02  -0.239050738E+04
   0.712905201E-01  -0.181901068E+01   0.515657290E+02  -0.237175994E+04
   0.704232917E-01  -0.179453156E+01   0.504323754E+02  -0.235005618E+04
   0.695676832E-01  -0.177059382E+01   0.493101435E+02  -0.232542535E+04
   0.687234360E-01  -0.174719181E+01   0.482004291E+02  -0.229790728E+04
   0.678902944E-01  -0.172431919E+01   0.471046065E+02  -0.226755218E+04
   0.670680060E-01  -0.170196895E+01   0.460240233E+02  -0.223442042E+04
   0.662563218E-01  -0.168013348E+01   0.449599960E+02  -0.219858216E+04
   0.654549968E-01  -0.165880450E+01   0.439138048E+02  -0.216011712E+04
   0.646637898E-01  -0.163797317E+01   0.428866897E+02  -0.211911415E+04
   0.638824644E-01  -0.161763004E+01   0.418798457E+02  -0.207567092E+04
   0.631107885E-01  -0.159776509E+01   0.408944191E+02  -0.202989346E+04
   0.623485351E-01  -0.157836779E+01   0.399315032E+02  -0.198189575E+04
   0.615954824E-01  -0.155942708E+01   0.389921350E+02  -0.193179927E+04
   0.608514139E-01  -0.154093142E+01   0.380772912E+02  -0.187973253E+04
   0.601161189E-01  -0.152286881E+01   0.371878855E+02  -0.182583054E+04
   0.593893925E-01  -0.150522684E+01   0.363247650E+02  -0.177023436E+04
   0.586710359E-01  -0.148799271E+01   0.354887081E+02  -0.171309048E+04
   0.579608564E-01  -0.147115324E+01   0.346804216E+02  -0.165455037E+04
   0.572586678E-01  -0.145469496E+01   0.339005383E+02  -0.159476984E+04
   0.565642904E-01  -0.143860409E+01   0.331496155E+02  -0.153390853E+04
   0.558775513E-01  -0.142286662E+01   0.324281329E+02  -0.147212932E+04
   0.551982842E-01  -0.140746831E+01   0.317364917E+02  -0.140959772E+04
   0.545263298E-01  -0.139239476E+01   0.310750127E+02  -0.134648132E+04
   0.538615356E-01  -0.137763143E+01   0.304439362E+02  -0.128294919E+04
   0.532037563E-01  -0.136316369E+01   0.298434208E+02  -0.121917126E+04
   0.525528535E-01  -0.134897684E+01   0.292735438E+02  -0.115531780E+04
   0.519086959E-01  -0.133505619E+01   0.287343006E+02  -0.109155876E+04
   0.512711593E-01  -0.132138703E+01   0.282256052E+02  -0.102806323E+04
   0.506401265E-01  -0.130795474E+01   0.277472909E+02  -0.964998889E+03
   0.500154872E-01  -0.129474481E+01   0.272991108E+02  -0.902531384E+03
   0.493971382E-01  -0.128174283E+01   0.268807392E+02  -0.840823834E+03
   0.487849831E-01  -0.126893459E+01   0.264917727E+02  -0.780036263E+03
   0.481789322E-01  -0.125630610E+01   0.261317321E+02  -0.720325088E+03
   0.475789027E-01  -0.124384359E+01   0.258000640E+02  -0.661842603E+03
   0.469848180E-01  -0.123153359E+01   0.254961430E+02  -0.604736495E+03
   0.463966081E-01  -0.121936296E+01   0.252192739E+02  -0.549149372E+03
   0.458142093E-01  -0.120731889E+01   0.249686946E+02  -0.495218313E+03
   0.452375638E-01  -0.119538894E+01   0.247435783E+02  -0.443074439E+03
   0.446666196E-01  -0.118356112E+01   0.245430372E+02  -0.392842510E+03
   0.441013306E-01  -0.117182384E+01   0.243661247E+02  -0.344640543E+03
   0.435416560E-01  -0.116016602E+01   0.242118397E+02  -0.298579459E+03
   0.429875602E-01  -0.114857703E+01   0.240791293E+02  -0.254762756E+03
   0.424390127E-01  -0.113704678E+01   0.239668929E+02  -0.213286203E+03
   0.418959874E-01  -0.112556572E+01   0.238739860E+02  -0.174237573E+03
   0.413584631E-01  -0.111412485E+01   0.237992236E+02  -0.137696397E+03
   0.408264225E-01  -0.110271575E+01   0.237413849E+02  -0.103733751E+03
   0.402998522E-01  -0.109133061E+01   0.236992166E+02  -0.724120672E+02
   0.397787424E-01  -0.107996220E+01   0.236714381E+02  -0.437849881E+02
   0.392630869E-01  -0.106860394E+01   0.236567447E+02  -0.178972364E+02
   0.387528820E-01  -0.105724985E+01   0.236538127E+02   0.521547433E+01
   0.382481272E-01  -0.104589461E+01   0.236613032E+02   0.255265017E+02
   0.377488241E-01  -0.103453354E+01   0.236778670E+02   0.430183055E+02
   0.372549766E-01  -0.102316262E+01   0.237021483E+02   0.576824473E+02
   0.367665901E-01  -0.101177846E+01   0.237327898E+02   0.695195603E+02
   0.362836718E-01  -0.100037834E+01   0.237684363E+02   0.785392887E+02
   0.358062298E-01  -0.988960179E+00   0.238077396E+02   0.847601972E+02
   0.353342731E-01  -0.977522541E+00   0.238493626E+02   0.882096516E+02
   0.348678114E-01  -0.966064632E+00   0.238919832E+02   0.889236710E+02
   0.344068544E-01  -0.954586286E+00   0.239342987E+02   0.869467520E+02
   0.339514118E-01  -0.943087958E+00   0.239750299E+02   0.823316656E+02
   0.335014930E-01  -0.931570711E+00   0.240129247E+02   0.751392284E+02
   0.330571067E-01  -0.920036200E+00   0.240467621E+02   0.654380488E+02
   0.326182606E-01  -0.908486659E+00   0.240753560E+02   0.533042483E+02
   0.321849614E-01  -0.896924881E+00   0.240975583E+02   0.388211607E+02
   0.317572142E-01  -0.885354203E+00   0.241122628E+02   0.220790090E+02
   0.313350222E-01  -0.873778479E+00   0.241184081E+02   0.317456201E+01
   0.309183869E-01  -0.862202063E+00   0.241149809E+02  -0.177892287E+02
   0.305073076E-01  -0.850629783E+00   0.241010184E+02  -0.407036090E+02
   0.301017808E-01  -0.839066916E+00   0.240756115E+02  -0.654544197E+02
   0.297018009E-01  -0.827519164E+00   0.240379073E+02  -0.919225082E+02
   0.293073590E-01  -0.815992621E+00   0.239871109E+02  -0.119984154E+03
   0.289184436E-01  -0.804493750E+00   0.239224880E+02  -0.149511507E+03
   0.285350395E-01  -0.793029352E+00   0.238433664E+02  -0.180373034E+03
   0.281571287E-01  -0.781606535E+00   0.237491380E+02  -0.212433977E+03
   0.277846894E-01  -0.770232684E+00   0.236392599E+02  -0.245556815E+03
   0.274176963E-01  -0.758915427E+00   0.235132559E+02  -0.279601736E+03
   0.270561203E-01  -0.747662604E+00   0.233707173E+02  -0.314427109E+03
   0.266999286E-01  -0.736482238E+00   0.232113039E+02  -0.349889958E+03
   0.263490845E-01  -0.725382496E+00   0.230347440E+02  -0.385846444E+03
   0.260035472E-01  -0.714371660E+00   0.228408354E+02  -0.422152333E+03
   0.256632721E-01  -0.703458092E+00   0.226294449E+02  -0.458663477E+03
   0.253282105E-01  -0.692650201E+00   0.224005086E+02  -0.495236278E+03
   0.249983097E-01  -0.681956411E+00   0.221540310E+02  -0.531728152E+03
   0.246735128E-01  -0.671385126E+00   0.218900851E+02  -0.567997987E+03
   0.243537590E-01  -0.660944702E+00   0.216088108E+02  -0.603906592E+03
   0.240389836E-01  -0.650643408E+00   0.213104145E+02  -0.639317131E+03
   0.237291178E-01  -0.640489400E+00   0.209951675E+02  -0.674095552E+03
   0.234240889E-01  -0.630490690E+00   0.206634048E+02  -0.708111001E+03
   0.231238206E-01  -0.620655111E+00   0.203155234E+02  -0.741236221E+03
   0.228282327E-01  -0.610990294E+00   0.199519802E+02  -0.773347936E+03
   0.225372414E-01  -0.601503634E+00   0.195732906E+02  -0.804327219E+03
   0.222507595E-01  -0.592202267E+00   0.191800256E+02  -0.834059843E+03
   0.219686965E-01  -0.583093041E+00   0.187728101E+02  -0.862436613E+03
   0.216909584E-01  -0.574182493E+00   0.183523200E+02  -0.889353676E+03
   0.214174485E-01  -0.565476822E+00   0.179192799E+02  -0.914712816E+03
   0.211480670E-01  -0.556981870E+00   0.174744598E+02  -0.938421722E+03
   0.208827113E-01  -0.548703096E+00   0.170186729E+02  -0.960394240E+03
   0.206212766E-01  -0.540645562E+00   0.165527720E+02  -0.980550592E+03
   0.203636554E-01  -0.532813911E+00   0.160776466E+02  -0.998817587E+03
   0.201097384E-01  -0.525212350E+00   0.155942200E+02  -0.101512880E+04
   0.198594142E-01  -0.517844636E+00   0.151034455E+02  -0.102942470E+04
   0.196125696E-01  -0.510714061E+00   0.146063032E+02  -0.104165284E+04
   0.193690903E-01  -0.503823443E+00   0.141037969E+02  -0.105176790E+04
   0.191288604E-01  -0.497175111E+00   0.135969502E+02  -0.105973181E+04
   0.188917631E-01  -0.490770899E+00   0.130868035E+02  -0.106551376E+04
   0.186576810E-01  -0.484612139E+00   0.125744099E+02  -0.106909030E+04
   0.184264960E-01  -0.478699655E+00   0.120608323E+02  -0.107044529E+04
   0.181980899E-01  -0.473033758E+00   0.115471394E+02  -0.106956989E+04
   0.179723442E-01  -0.467614248E+00   0.110344024E+02  -0.106646254E+04
   0.177491409E-01  -0.462440408E+00   0.105236916E+02  -0.106112889E+04
   0.175283623E-01  -0.457511009E+00   0.100160728E+02  -0.105358167E+04
   0.173098915E-01  -0.452824314E+00   0.951260421E+01  -0.104384064E+04
   0.170936125E-01  -0.448378078E+00   0.901433261E+01  -0.103193242E+04
   0.168794105E-01  -0.444169558E+00   0.852229054E+01  -0.101789032E+04
   0.166671722E-01  -0.440195519E+00   0.803749298E+01  -0.100175419E+04
   0.164567859E-01  -0.436452246E+00   0.756093421E+01  -0.983570208E+03
   0.162481418E-01  -0.432935549E+00   0.709358490E+01  -0.963390679E+03
   0.160411322E-01  -0.429640780E+00   0.663638917E+01  -0.941273773E+03
   0.158356519E-01  -0.426562844E+00   0.619026188E+01  -0.917283293E+03
   0.156315981E-01  -0.423696216E+00   0.575608594E+01  -0.891488397E+03
   0.154288707E-01  -0.421034954E+00   0.533470987E+01  -0.863963316E+03
   0.152273727E-01  -0.418572716E+00   0.492694537E+01  -0.834787056E+03
   0.150270101E-01  -0.416302784E+00   0.453356515E+01  -0.804043084E+03
   0.148276924E-01  -0.414218075E+00   0.415530085E+01  -0.771819007E+03
   0.146293323E-01  -0.412311166E+00   0.379284112E+01  -0.738206236E+03
   0.144318465E-01  -0.410574316E+00   0.344682989E+01  -0.703299643E+03
   0.142351551E-01  -0.408999482E+00   0.311786481E+01  -0.667197212E+03
   0.140391824E-01  -0.407578350E+00   0.280649580E+01  -0.629999676E+03
   0.138438566E-01  -0.406302350E+00   0.251322385E+01  -0.591810160E+03
   0.136491103E-01  -0.405162687E+00   0.223849995E+01  -0.552733806E+03
   0.134548801E-01  -0.404150358E+00   0.198272421E+01  -0.512877408E+03
   0.132611070E-01  -0.403256184E+00   0.174624516E+01  -0.472349040E+03
   0.130677367E-01  -0.402470828E+00   0.152935921E+01  -0.431257678E+03
   0.128747192E-01  -0.401784825E+00   0.133231034E+01  -0.389712839E+03
   0.126820089E-01  -0.401188605E+00   0.115528989E+01  -0.347824201E+03
   0.124895653E-01  -0.400672520E+00   0.998436597E+00  -0.305701248E+03
   0.122973520E-01  -0.400226865E+00   0.861836752E+00  -0.263452906E+03
   0.121053378E-01  -0.399841910E+00   0.745524581E+00  -0.221187188E+03
   0.119134957E-01  -0.399507918E+00   0.649482743E+00  -0.179010849E+03
   0.117218036E-01  -0.399215174E+00   0.573643029E+00  -0.137029051E+03
   0.115302440E-01  -0.398954007E+00   0.517887198E+00  -0.953450307E+02
   0.113388042E-01  -0.398714815E+00   0.482047982E+00  -0.540597829E+02
   0.111474758E-01  -0.398488089E+00   0.465910235E+00  -0.132717563E+02
   0.109562551E-01  -0.398264431E+00   0.469212226E+00   0.269234409E+02
   0.107651430E-01  -0.398034583E+00   0.491647070E+00   0.664333204E+02
   0.105741444E-01  -0.397789444E+00   0.532864287E+00   0.105168779E+03
   0.103832690E-01  -0.397520091E+00   0.592471495E+00   0.143044349E+03
   0.101925304E-01  -0.397217798E+00   0.670036202E+00   0.179978430E+03
   0.100019465E-01  -0.396874058E+00   0.765087724E+00   0.215893509E+03
   0.981153924E-02  -0.396480597E+00   0.877119191E+00   0.250716361E+03
   0.962133438E-02  -0.396029393E+00   0.100558965E+01   0.284378227E+03
   0.943136150E-02  -0.395512692E+00   0.114992625E+01   0.316814982E+03
   0.924165387E-02  -0.394923022E+00   0.130952649E+01   0.347967279E+03
   0.905224823E-02  -0.394253205E+00   0.148376058E+01   0.377780675E+03
   0.886318471E-02  -0.393496375E+00   0.167197378E+01   0.406205741E+03
   0.867450668E-02  -0.392645982E+00   0.187348884E+01   0.433198144E+03
   0.848626054E-02  -0.391695809E+00   0.208760848E+01   0.458718722E+03
   0.829849561E-02  -0.390639975E+00   0.231361786E+01   0.482733526E+03
   0.811126395E-02  -0.389472950E+00   0.255078712E+01   0.505213854E+03
   0.792462020E-02  -0.388189553E+00   0.279837387E+01   0.526136260E+03
   0.773862138E-02  -0.386784965E+00   0.305562572E+01   0.545482542E+03
   0.755332674E-02  -0.385254727E+00   0.332178282E+01   0.563239713E+03
   0.736879760E-02  -0.383594751E+00   0.359608031E+01   0.579399958E+03
   0.718509713E-02  -0.381801311E+00   0.387775081E+01   0.593960564E+03
   0.700229023E-02  -0.379871053E+00   0.416602685E+01   0.606923836E+03
   0.682044329E-02  -0.377800990E+00   0.446014325E+01   0.618297000E+03
   0.663962407E-02  -0.375588503E+00   0.475933945E+01   0.628092082E+03
   0.645990148E-02  -0.373231332E+00   0.506286180E+01   0.636325775E+03
   0.628134545E-02  -0.370727582E+00   0.536996574E+01   0.643019286E+03
   0.610402671E-02  -0.368075710E+00   0.567991796E+01   0.648198179E+03
   0.592801666E-02  -0.365274521E+00   0.599199839E+01   0.651892189E+03
   0.575338719E-02  -0.362323164E+00   0.630550225E+01   0.654135034E+03
   0.558021053E-02  -0.359221121E+00   0.661974182E+01   0.654964211E+03
   0.540855906E-02  -0.355968201E+00   0.693404826E+01   0.654420781E+03
   0.523850518E-02  -0.352564528E+00   0.724777324E+01   0.652549140E+03
   0.507012117E-02  -0.349010532E+00   0.756029050E+01   0.649396788E+03
   0.490347901E-02  -0.345306939E+00   0.787099729E+01   0.645014083E+03
   0.473865028E-02  -0.341454757E+00   0.817931563E+01   0.639453990E+03
   0.457570601E-02  -0.337455266E+00   0.848469357E+01   0.632771824E+03
   0.441471655E-02  -0.333310006E+00   0.878660622E+01   0.625024985E+03
   0.425575145E-02  -0.329020758E+00   0.908455668E+01   0.616272695E+03
   0.409887934E-02  -0.324589540E+00   0.937807685E+01   0.606575723E+03
   0.394416785E-02  -0.320018584E+00   0.966672815E+01   0.595996118E+03
   0.379168347E-02  -0.315310326E+00   0.995010199E+01   0.584596928E+03
   0.364149148E-02  -0.310467391E+00   0.102278203E+02   0.572441934E+03
   0.349365587E-02  -0.305492579E+00   0.104995356E+02   0.559595377E+03
   0.334823924E-02  -0.300388848E+00   0.107649315E+02   0.546121682E+03
   0.320530271E-02  -0.295159302E+00   0.110237224E+02   0.532085200E+03
   0.306490592E-02  -0.289807172E+00   0.112756535E+02   0.517549939E+03
   0.292710690E-02  -0.284335808E+00   0.115205007E+02   0.502579314E+03
   0.279196207E-02  -0.278748656E+00   0.117580700E+02   0.487235888E+03
   0.265952615E-02  -0.273049252E+00   0.119881973E+02   0.471581138E+03
   0.252985217E-02  -0.267241199E+00   0.122107477E+02   0.455675213E+03
   0.240299140E-02  -0.261328163E+00   0.124256147E+02   0.439576713E+03
   0.227899334E-02  -0.255313851E+00   0.126327196E+02   0.423342468E+03
   0.215790571E-02  -0.249202003E+00   0.128320105E+02   0.407027339E+03
   0.203977442E-02  -0.242996376E+00   0.130234614E+02   0.390684020E+03
   0.192464359E-02  -0.236700735E+00   0.132070708E+02   0.374362856E+03
   0.181255552E-02  -0.230318839E+00   0.133828609E+02   0.358111676E+03
   0.170355071E-02  -0.223854432E+00   0.135508764E+02   0.341975638E+03
   0.159766787E-02  -0.217311231E+00   0.137111828E+02   0.325997084E+03
   0.149494394E-02  -0.210692917E+00   0.138638651E+02   0.310215418E+03
   0.139541411E-02  -0.204003124E+00   0.140090269E+02   0.294666988E+03
   0.129911181E-02  -0.197245435E+00   0.141467881E+02   0.279384992E+03
   0.120606879E-02  -0.190423370E+00   0.142772839E+02   0.264399397E+03
   0.111631512E-02  -0.183540381E+00   0.144006632E+02   0.249736869E+03
   0.102987923E-02  -0.176599846E+00   0.145170868E+02   0.235420727E+03
   0.946787946E-03  -0.169605063E+00   0.146267257E+02   0.221470903E+03
   0.867066534E-03  -0.162559246E+00   0.147297601E+02   0.207903932E+03
   0.790738735E-03  -0.155465521E+00   0.148263769E+02   0.194732939E+03
   0.717826813E-03  -0.148326921E+00   0.149167687E+02   0.181967661E+03
   0.648351600E-03  -0.141146387E+00   0.150011318E+02   0.169614471E+03
   0.582332535E-03  -0.133926767E+00   0.150796650E+02   0.157676427E+03
   0.519787717E-03  -0.126670810E+00   0.151525676E+02   0.146153324E+03
   0.460733946E-03  -0.119381171E+00   0.152200380E+02   0.135041777E+03
   0.405186771E-03  -0.112060411E+00   0.152822725E+02   0.124335304E+03
   0.353160536E-03  -0.104710997E+00   0.153394632E+02   0.114024432E+03
   0.304668419E-03  -0.973353034E-01   0.153917973E+02   0.104096813E+03
   0.259722483E-03  -0.899356193E-01   0.154394551E+02   0.945373503E+02
   0.218333710E-03  -0.825141470E-01   0.154826092E+02   0.853283455E+02
   0.180512048E-03  -0.750730088E-01   0.155214232E+02   0.764496469E+02
   0.146266441E-03  -0.676142506E-01   0.155560502E+02   0.678788163E+02
   0.115604870E-03  -0.601398477E-01   0.155866322E+02   0.595913024E+02
   0.885343840E-04  -0.526517101E-01   0.156132989E+02   0.515606247E+02
   0.650611293E-04  -0.451516885E-01   0.156361670E+02   0.437585661E+02
   0.451903765E-04  -0.376415811E-01   0.156553390E+02   0.361553723E+02
   0.289265445E-04  -0.301231403E-01   0.156709030E+02   0.287199588E+02
   0.162732208E-04  -0.225980798E-01   0.156829318E+02   0.214201237E+02
   0.723317778E-05  -0.150680821E-01   0.156914827E+02   0.142227651E+02
   0.180838640E-05  -0.753480621E-02   0.156965967E+02   0.709410251E+01
   0.254003901E-10   0.104842780E-06   0.156982985E+02  -0.986270007E-04
