      1001  0.0d0 0.358133d0 0.358133d0
  -0.112552595E-14   0.102144975E+00  -0.122190955E-01  -0.322415700E+04
   0.365560354E-04   0.101934050E+00  -0.116453625E+01  -0.320476707E+04
   0.729628537E-04   0.101312481E+00  -0.230325796E+01  -0.314830951E+04
   0.109074544E-03   0.100287501E+00  -0.341521780E+01  -0.305546515E+04
   0.144748625E-03   0.988710064E-01  -0.448757170E+01  -0.292735138E+04
   0.179847689E-03   0.970794128E-01  -0.550795183E+01  -0.276550740E+04
   0.214240988E-03   0.949334573E-01  -0.646461416E+01  -0.257187378E+04
   0.247805940E-03   0.924579504E-01  -0.734657774E+01  -0.234876683E+04
   0.280429533E-03   0.896814792E-01  -0.814375400E+01  -0.209884800E+04
   0.312009617E-03   0.866360663E-01  -0.884706412E+01  -0.182508884E+04
   0.342456072E-03   0.833567891E-01  -0.944854325E+01  -0.153073179E+04
   0.371691826E-03   0.798813646E-01  -0.994142995E+01  -0.121924773E+04
   0.399653720E-03   0.762497044E-01  -0.103202400E+02  -0.894290390E+03
   0.426293212E-03   0.725034467E-01  -0.105808233E+02  -0.559648723E+03
   0.451576909E-03   0.686854710E-01  -0.107204037E+02  -0.219197539E+03
   0.475486925E-03   0.648394015E-01  -0.107376004E+02   0.123152714E+03
   0.498021052E-03   0.610091061E-01  -0.106324322E+02   0.463506423E+03
   0.519192766E-03   0.572381973E-01  -0.104063026E+02   0.798032809E+03
   0.539031038E-03   0.535695415E-01  -0.100619684E+02   0.112301479E+04
   0.557579991E-03   0.500447826E-01  -0.960349007E+01   0.143489604E+04
   0.574898372E-03   0.467038864E-01  -0.903616614E+01   0.173032561E+04
   0.591058876E-03   0.435847113E-01  -0.836645232E+01   0.200619947E+04
   0.606147319E-03   0.407226106E-01  -0.760186599E+01   0.225969856E+04
   0.620261677E-03   0.381500709E-01  -0.675087798E+01   0.248832260E+04
   0.633510997E-03   0.358963926E-01  -0.582279304E+01   0.268991951E+04
   0.646014207E-03   0.339874133E-01  -0.482762052E+01   0.286270984E+04
   0.657898834E-03   0.324452800E-01  -0.377593743E+01   0.300530601E+04
   0.669299649E-03   0.312882715E-01  -0.267874538E+01   0.311672612E+04
   0.680357256E-03   0.305306725E-01  -0.154732367E+01   0.319640216E+04
   0.691216648E-03   0.301827005E-01  -0.393080463E+00   0.324418257E+04
   0.702025746E-03   0.302504866E-01   0.772596014E+00   0.326032914E+04
   0.712933939E-03   0.307361088E-01   0.193848408E+01   0.324550837E+04
   0.724090646E-03   0.316376776E-01   0.309367122E+01   0.320077740E+04
   0.735643918E-03   0.329494711E-01   0.422769066E+01   0.312756487E+04
   0.747739099E-03   0.346621180E-01   0.533065029E+01   0.302764681E+04
   0.760517553E-03   0.367628255E-01   0.639335205E+01   0.290311823E+04
   0.774115494E-03   0.392356470E-01   0.740740051E+01   0.275636057E+04
   0.788662902E-03   0.420617877E-01   0.836529910E+01   0.259000573E+04
   0.804282566E-03   0.452199414E-01   0.926053285E+01   0.240689704E+04
   0.821089250E-03   0.486866550E-01   0.100876368E+02   0.221004787E+04
   0.839188992E-03   0.524367142E-01   0.108422492E+02   0.200259846E+04
   0.858678543E-03   0.564435464E-01   0.115211491E+02   0.178777160E+04
   0.879644955E-03   0.606796329E-01   0.121222778E+02   0.156882770E+04
   0.902165321E-03   0.651169267E-01   0.126447442E+02   0.134902012E+04
   0.926306653E-03   0.697272699E-01   0.130888146E+02   0.113155112E+04
   0.952125923E-03   0.744828034E-01   0.134558866E+02   0.919529294E+03
   0.979670238E-03   0.793563650E-01   0.137484482E+02   0.715928891E+03
   0.100897716E-02   0.843218712E-01   0.139700227E+02   0.523551696E+03
   0.104007515E-02   0.893546756E-01   0.141251009E+02   0.344991939E+03
   0.107298417E-02   0.944319014E-01   0.142190604E+02   0.182604705E+03
   0.110771632E-02   0.995327432E-01   0.142580755E+02   0.384782633E+02
   0.114427669E-02   0.104638735E+00   0.142490169E+02  -0.855893443E+02
   0.118266420E-02   0.109733979E+00   0.141993444E+02  -0.188109171E+03
   0.122287255E-02   0.114805340E+00   0.141169935E+02  -0.267915469E+03
   0.126489128E-02   0.119842590E+00   0.140102580E+02  -0.324174901E+03
   0.130870678E-02   0.124838518E+00   0.138876697E+02  -0.356390780E+03
   0.135430342E-02   0.129788996E+00   0.137578781E+02  -0.364402347E+03
   0.140166466E-02   0.134692992E+00   0.136295311E+02  -0.348379180E+03
   0.145077412E-02   0.139552557E+00   0.135111580E+02  -0.308810864E+03
   0.150161670E-02   0.144372757E+00   0.134110574E+02  -0.246492155E+03
   0.155417966E-02   0.149161575E+00   0.133371919E+02  -0.162503928E+03
   0.160845359E-02   0.153929767E+00   0.132970888E+02  -0.581902351E+02
   0.166443344E-02   0.158690696E+00   0.132977508E+02   0.648681059E+02
   0.172211935E-02   0.163460127E+00   0.133455765E+02   0.204882967E+03
   0.178151752E-02   0.168255996E+00   0.134462919E+02   0.359890907E+03
   0.184264092E-02   0.173098162E+00   0.136048931E+02   0.527787206E+03
   0.190550994E-02   0.178008136E+00   0.138256029E+02   0.706361379E+03
   0.197015292E-02   0.183008797E+00   0.141118384E+02   0.893333623E+03
   0.203660660E-02   0.188124101E+00   0.144661939E+02   0.108639163E+04
   0.210491645E-02   0.193378786E+00   0.148904346E+02   0.128322718E+04
   0.217513690E-02   0.198798072E+00   0.153855057E+02   0.148157203E+04
   0.224733144E-02   0.204407376E+00   0.159515522E+02   0.167923241E+04
   0.232157266E-02   0.210232028E+00   0.165879515E+02   0.187412187E+04
   0.239794218E-02   0.216297002E+00   0.172933578E+02   0.206429168E+04
   0.247653045E-02   0.222626672E+00   0.180657564E+02   0.224795868E+04
   0.255743651E-02   0.229244576E+00   0.189025269E+02   0.242352992E+04
   0.264076765E-02   0.236173219E+00   0.198005162E+02   0.258962396E+04
   0.272663900E-02   0.243433892E+00   0.207561166E+02   0.274508840E+04
   0.281517309E-02   0.251046524E+00   0.217653511E+02   0.288901353E+04
   0.290649931E-02   0.259029568E+00   0.228239617E+02   0.302074194E+04
   0.300075340E-02   0.267399915E+00   0.239275011E+02   0.313987395E+04
   0.309807685E-02   0.276172844E+00   0.250714251E+02   0.324626885E+04
   0.319861632E-02   0.285362002E+00   0.262511854E+02   0.334004213E+04
   0.330252308E-02   0.294979421E+00   0.274623196E+02   0.342155859E+04
   0.340995243E-02   0.305035561E+00   0.287005394E+02   0.349142170E+04
   0.352106313E-02   0.315539392E+00   0.299618131E+02   0.355045935E+04
   0.363601692E-02   0.326498498E+00   0.312424432E+02   0.359970630E+04
   0.375497801E-02   0.337919207E+00   0.325391367E+02   0.364038371E+04
   0.387811269E-02   0.349806753E+00   0.338490680E+02   0.367387601E+04
   0.400558894E-02   0.362165447E+00   0.351699327E+02   0.370170570E+04
   0.413757616E-02   0.374998876E+00   0.364999926E+02   0.372550639E+04
   0.427424493E-02   0.388310110E+00   0.378381100E+02   0.374699461E+04
   0.441576686E-02   0.402101925E+00   0.391837727E+02   0.376794092E+04
   0.456231456E-02   0.416377028E+00   0.405371076E+02   0.379014065E+04
   0.471406160E-02   0.431138283E+00   0.418988851E+02   0.381538499E+04
   0.487118267E-02   0.446388948E+00   0.432705118E+02   0.384543272E+04
   0.503385371E-02   0.462132895E+00   0.446540145E+02   0.388198313E+04
   0.520225220E-02   0.478374828E+00   0.460520138E+02   0.392665057E+04
   0.537655747E-02   0.495120494E+00   0.474676901E+02   0.398094097E+04
   0.555695114E-02   0.512376871E+00   0.489047401E+02   0.404623080E+04
   0.574361756E-02   0.530152344E+00   0.503673280E+02   0.412374868E+04
   0.593674438E-02   0.548456869E+00   0.518600288E+02   0.421456005E+04
   0.613652311E-02   0.567302101E+00   0.533877680E+02   0.431955494E+04
   0.634314974E-02   0.586701516E+00   0.549557573E+02   0.443943916E+04
   0.655682544E-02   0.606670494E+00   0.565694272E+02   0.457472896E+04
   0.677775725E-02   0.627226392E+00   0.582343587E+02   0.472574919E+04
   0.700615875E-02   0.648388581E+00   0.599562154E+02   0.489263496E+04
   0.724225087E-02   0.670178464E+00   0.617406756E+02   0.507533666E+04
   0.748626252E-02   0.692619474E+00   0.635933682E+02   0.527362837E+04
   0.773843140E-02   0.715737037E+00   0.655198113E+02   0.548711927E+04
   0.799900465E-02   0.739558530E+00   0.675253555E+02   0.571526791E+04
   0.826823955E-02   0.764113210E+00   0.696151331E+02   0.595739908E+04
   0.854640419E-02   0.789432121E+00   0.717940132E+02   0.621272284E+04
   0.883377807E-02   0.815548004E+00   0.740665649E+02   0.648035546E+04
   0.913065273E-02   0.842495173E+00   0.764370271E+02   0.675934177E+04
   0.943733222E-02   0.870309401E+00   0.789092873E+02   0.704867856E+04
   0.975413369E-02   0.899027787E+00   0.814868688E+02   0.734733856E+04
   0.100813878E-01   0.928688626E+00   0.841729264E+02   0.765429458E+04
   0.104194390E-01   0.959331277E+00   0.869702502E+02   0.796854335E+04
   0.107686462E-01   0.990996035E+00   0.898812792E+02   0.828912859E+04
   0.111293827E-01   0.102372401E+01   0.929081213E+02   0.861516299E+04
   0.115020368E-01   0.105755701E+01   0.960525823E+02   0.894584853E+04
   0.118870118E-01   0.109253743E+01   0.993162008E+02   0.928049500E+04
   0.122847263E-01   0.112870821E+01   0.102700290E+03   0.961853611E+04
   0.126956144E-01   0.116611268E+01   0.106205985E+03   0.995954317E+04
   0.131201256E-01   0.120479458E+01   0.109834292E+03   0.103032359E+05
   0.135587255E-01   0.124479799E+01   0.113586147E+03   0.106494903E+05
   0.140118952E-01   0.128616733E+01   0.117462470E+03   0.109983434E+05
   0.144801318E-01   0.132894734E+01   0.121464220E+03   0.113499945E+05
   0.149639488E-01   0.137318312E+01   0.125592461E+03   0.117048039E+05
   0.154638754E-01   0.141892019E+01   0.129848411E+03   0.120632876E+05
   0.159804578E-01   0.146620454E+01   0.134233501E+03   0.124261094E+05
   0.165142582E-01   0.151508271E+01   0.138749424E+03   0.127940699E+05
   0.170658559E-01   0.156560189E+01   0.143398182E+03   0.131680930E+05
   0.176358472E-01   0.161781008E+01   0.148182128E+03   0.135492093E+05
   0.182248457E-01   0.167175618E+01   0.153104000E+03   0.139385381E+05
   0.188334827E-01   0.172749011E+01   0.158166951E+03   0.143372670E+05
   0.194624077E-01   0.178506305E+01   0.163374566E+03   0.147466305E+05
   0.201122885E-01   0.184452751E+01   0.168730880E+03   0.151678867E+05
   0.207838123E-01   0.190593753E+01   0.174240378E+03   0.156022946E+05
   0.214776857E-01   0.196934884E+01   0.179907991E+03   0.160510902E+05
   0.221946357E-01   0.203481902E+01   0.185739088E+03   0.165154633E+05
   0.229354102E-01   0.210240764E+01   0.191739450E+03   0.169965348E+05
   0.237007790E-01   0.217217641E+01   0.197915245E+03   0.174953354E+05
   0.244915342E-01   0.224418932E+01   0.204272991E+03   0.180127852E+05
   0.253084913E-01   0.231851274E+01   0.210819512E+03   0.185496761E+05
   0.261524901E-01   0.239521555E+01   0.217561892E+03   0.191066554E+05
   0.270243954E-01   0.247436918E+01   0.224507417E+03   0.196842129E+05
   0.279250980E-01   0.255604772E+01   0.231663520E+03   0.202826697E+05
   0.288555160E-01   0.264032792E+01   0.239037716E+03   0.209021711E+05
   0.298165952E-01   0.272728924E+01   0.246637543E+03   0.215426816E+05
   0.308093104E-01   0.281701384E+01   0.254470490E+03   0.222039836E+05
   0.318346664E-01   0.290958651E+01   0.262543937E+03   0.228856789E+05
   0.328936987E-01   0.300509470E+01   0.270865090E+03   0.235871938E+05
   0.339874747E-01   0.310362837E+01   0.279440920E+03   0.243077866E+05
   0.351170944E-01   0.320527993E+01   0.288278102E+03   0.250465581E+05
   0.362836913E-01   0.331014413E+01   0.297382964E+03   0.258024646E+05
   0.374884332E-01   0.341831790E+01   0.306761436E+03   0.265743331E+05
   0.387325231E-01   0.352990024E+01   0.316419007E+03   0.273608784E+05
   0.400171997E-01   0.364499200E+01   0.326360690E+03   0.281607211E+05
   0.413437381E-01   0.376369576E+01   0.336590989E+03   0.289724072E+05
   0.427134506E-01   0.388611561E+01   0.347113874E+03   0.297944279E+05
   0.441276868E-01   0.401235697E+01   0.357932774E+03   0.306252388E+05
   0.455878344E-01   0.414252637E+01   0.369050555E+03   0.314632794E+05
   0.470953193E-01   0.427673129E+01   0.380469528E+03   0.323069903E+05
   0.486516063E-01   0.441507992E+01   0.392191446E+03   0.331548301E+05
   0.502581986E-01   0.455768100E+01   0.404217518E+03   0.340052883E+05
   0.519166389E-01   0.470464358E+01   0.416548415E+03   0.348568971E+05
   0.536285086E-01   0.485607688E+01   0.429184296E+03   0.357082392E+05
   0.553954284E-01   0.501209007E+01   0.442124818E+03   0.365579517E+05
   0.572190580E-01   0.517279212E+01   0.455369163E+03   0.374047265E+05
   0.591010962E-01   0.533829163E+01   0.468916051E+03   0.382473066E+05
   0.610432804E-01   0.550869666E+01   0.482763762E+03   0.390844771E+05
   0.630473867E-01   0.568411456E+01   0.496910146E+03   0.399150525E+05
   0.651152296E-01   0.586465185E+01   0.511352630E+03   0.407378583E+05
   0.672486612E-01   0.605041405E+01   0.526088220E+03   0.415517088E+05
   0.694495716E-01   0.624150554E+01   0.541113491E+03   0.423553802E+05
   0.717198879E-01   0.643802937E+01   0.556424569E+03   0.431475785E+05
   0.740615738E-01   0.664008714E+01   0.572017099E+03   0.439269049E+05
   0.764766291E-01   0.684777879E+01   0.587886198E+03   0.446918167E+05
   0.789670892E-01   0.706120240E+01   0.604026401E+03   0.454405850E+05
   0.815350241E-01   0.728045400E+01   0.620431584E+03   0.461712509E+05
   0.841825378E-01   0.750562727E+01   0.637094872E+03   0.468815793E+05
   0.869117675E-01   0.773681329E+01   0.654008533E+03   0.475690119E+05
   0.897248824E-01   0.797410020E+01   0.671163856E+03   0.482306202E+05
   0.926240828E-01   0.821757282E+01   0.688551006E+03   0.488630594E+05
   0.956115986E-01   0.846731223E+01   0.706158870E+03   0.494625237E+05
   0.986896880E-01   0.872339526E+01   0.723974882E+03   0.500247051E+05
   0.101860636E+00   0.898589398E+01   0.741984838E+03   0.505447547E+05
   0.105126752E+00   0.925487502E+01   0.760172697E+03   0.510172504E+05
   0.108490369E+00   0.953039892E+01   0.778520367E+03   0.514361686E+05
   0.111953840E+00   0.981251935E+01   0.797007489E+03   0.517948641E+05
   0.115519536E+00   0.101012822E+02   0.815611211E+03   0.520860566E+05
   0.119189843E+00   0.103967248E+02   0.834305959E+03   0.523018262E+05
   0.122967158E+00   0.106988747E+02   0.853063208E+03   0.524336181E+05
   0.126853886E+00   0.110077487E+02   0.871851259E+03   0.524722568E+05
   0.130852437E+00   0.113233516E+02   0.890635017E+03   0.524079719E+05
   0.134965220E+00   0.116456751E+02   0.909375789E+03   0.522304337E+05
   0.139194638E+00   0.119746964E+02   0.928031089E+03   0.519288011E+05
   0.143543083E+00   0.123103765E+02   0.946554463E+03   0.514917805E+05
   0.148012930E+00   0.126526594E+02   0.964895345E+03   0.509076965E+05
   0.152606532E+00   0.130014699E+02   0.982998930E+03   0.501645743E+05
   0.157326209E+00   0.133567127E+02   0.100080608E+04   0.492502327E+05
   0.162174245E+00   0.137182704E+02   0.101825329E+04   0.481523886E+05
   0.167152877E+00   0.140860019E+02   0.103527263E+04   0.468587713E+05
   0.172264286E+00   0.144597412E+02   0.105179182E+04   0.453572457E+05
   0.177510592E+00   0.148392958E+02   0.106773425E+04   0.436359450E+05
   0.182893837E+00   0.152244445E+02   0.108301915E+04   0.416834097E+05
   0.188415982E+00   0.156149370E+02   0.109756175E+04   0.394887330E+05
   0.194078890E+00   0.160104915E+02   0.111127346E+04   0.370417111E+05
   0.199884320E+00   0.164107942E+02   0.112406222E+04   0.343329961E+05
   0.205833910E+00   0.168154975E+02   0.113583278E+04   0.313542510E+05
   0.211929169E+00   0.172242193E+02   0.114648711E+04   0.280983040E+05
   0.218171462E+00   0.176365420E+02   0.115592484E+04   0.245593008E+05
   0.224562000E+00   0.180520116E+02   0.116404378E+04   0.207328533E+05
   0.231101822E+00   0.184701372E+02   0.117074043E+04   0.166161821E+05
   0.237791785E+00   0.188903909E+02   0.117591061E+04   0.122082514E+05
   0.244632553E+00   0.193122073E+02   0.117945010E+04   0.750989456E+04
   0.251624578E+00   0.197349839E+02   0.118125535E+04   0.252392769E+04
   0.258768090E+00   0.201580811E+02   0.118122415E+04  -0.274474966E+04
   0.266063084E+00   0.205808234E+02   0.117925646E+04  -0.828906905E+04
   0.273509306E+00   0.210024997E+02   0.117525517E+04  -0.140997242E+05
   0.281106244E+00   0.214223648E+02   0.116912689E+04  -0.201651200E+05
   0.288853109E+00   0.218396410E+02   0.116078282E+04  -0.264713416E+05
   0.296748831E+00   0.222535196E+02   0.115013955E+04  -0.330021430E+05
   0.304792043E+00   0.226631631E+02   0.113711990E+04  -0.397389580E+05
   0.312981075E+00   0.230677078E+02   0.112165377E+04  -0.466609332E+05
   0.321313943E+00   0.234662660E+02   0.110367891E+04  -0.537449835E+05
   0.329788341E+00   0.238579295E+02   0.108314172E+04  -0.609658712E+05
   0.338401633E+00   0.242417724E+02   0.105999804E+04  -0.682963078E+05
   0.347150852E+00   0.246168548E+02   0.103421380E+04  -0.757070784E+05
   0.356032690E+00   0.249822266E+02   0.100576574E+04  -0.831671893E+05
   0.365043499E+00   0.253369312E+02   0.974641970E+03  -0.906440364E+05
   0.374179285E+00   0.256800100E+02   0.940842557E+03  -0.981035947E+05
   0.383435715E+00   0.260105067E+02   0.904379967E+03  -0.105510627E+06
   0.392808111E+00   0.263274717E+02   0.865279473E+03  -0.112828910E+06
   0.402291460E+00   0.266299666E+02   0.823579461E+03  -0.120021478E+06
   0.411880413E+00   0.269170694E+02   0.779331647E+03  -0.127050879E+06
   0.421569296E+00   0.271878790E+02   0.732601211E+03  -0.133879443E+06
   0.431352117E+00   0.274415197E+02   0.683466820E+03  -0.140469561E+06
   0.441222573E+00   0.276771470E+02   0.632020557E+03  -0.146783970E+06
   0.451174069E+00   0.278939511E+02   0.578367743E+03  -0.152786044E+06
   0.461199723E+00   0.280911628E+02   0.522626661E+03  -0.158440085E+06
   0.471292388E+00   0.282680571E+02   0.464928167E+03  -0.163711614E+06
   0.481444665E+00   0.284239584E+02   0.405415205E+03  -0.168567657E+06
   0.491648922E+00   0.285582440E+02   0.344242216E+03  -0.172977028E+06
   0.501897316E+00   0.286703489E+02   0.281574450E+03  -0.176910594E+06
   0.512181810E+00   0.287597687E+02   0.217587184E+03  -0.180341538E+06
   0.522494200E+00   0.288260636E+02   0.152464847E+03  -0.183245599E+06
   0.532826134E+00   0.288688615E+02   0.864000663E+02  -0.185601298E+06
   0.543169142E+00   0.288878604E+02   0.195926306E+02  -0.187390142E+06
   0.553514658E+00   0.288828310E+02  -0.477516089E+02  -0.188596808E+06
   0.563854045E+00   0.288536186E+02  -0.115421905E+03  -0.189209297E+06
   0.574178627E+00   0.288001448E+02  -0.183203830E+03  -0.189219070E+06
   0.584479713E+00   0.287224085E+02  -0.250880532E+03  -0.188621146E+06
   0.594748624E+00   0.286204862E+02  -0.318234023E+03  -0.187414179E+06
   0.604976725E+00   0.284945329E+02  -0.385046494E+03  -0.185600503E+06
   0.615155448E+00   0.283447809E+02  -0.451101629E+03  -0.183186137E+06
   0.625276323E+00   0.281715400E+02  -0.516185929E+03  -0.180180774E+06
   0.635331006E+00   0.279751954E+02  -0.580090015E+03  -0.176597726E+06
   0.645311301E+00   0.277562065E+02  -0.642609911E+03  -0.172453839E+06
   0.655209193E+00   0.275151046E+02  -0.703548292E+03  -0.167769387E+06
   0.665016867E+00   0.272524903E+02  -0.762715686E+03  -0.162567923E+06
   0.674726736E+00   0.269690303E+02  -0.819931619E+03  -0.156876109E+06
   0.684331465E+00   0.266654545E+02  -0.875025692E+03  -0.150723517E+06
   0.693823987E+00   0.263425515E+02  -0.927838585E+03  -0.144142408E+06
   0.703197532E+00   0.260011652E+02  -0.978222976E+03  -0.137167479E+06
   0.712445638E+00   0.256421897E+02  -0.102604437E+04  -0.129835601E+06
   0.721562173E+00   0.252665650E+02  -0.107118181E+04  -0.122185527E+06
   0.730541349E+00   0.248752718E+02  -0.111352853E+04  -0.114257594E+06
   0.739377735E+00   0.244693265E+02  -0.115299243E+04  -0.106093406E+06
   0.748066271E+00   0.240497759E+02  -0.118949650E+04  -0.977355136E+05
   0.756602275E+00   0.236176914E+02  -0.122297909E+04  -0.892270781E+05
   0.764981454E+00   0.231741638E+02  -0.125339404E+04  -0.806115425E+05
   0.773199907E+00   0.227202978E+02  -0.128071079E+04  -0.719322963E+05
   0.781254130E+00   0.222572060E+02  -0.130491423E+04  -0.632323460E+05
   0.789141018E+00   0.217860038E+02  -0.132600455E+04  -0.545539917E+05
   0.796857868E+00   0.213078039E+02  -0.134399691E+04  -0.459385142E+05
   0.804402370E+00   0.208237108E+02  -0.135892103E+04  -0.374258737E+05
   0.811772611E+00   0.203348160E+02  -0.137082066E+04  -0.290544254E+05
   0.818967063E+00   0.198421929E+02  -0.137975295E+04  -0.208606525E+05
   0.825984580E+00   0.193468919E+02  -0.138578775E+04  -0.128789212E+05
   0.832824386E+00   0.188499364E+02  -0.138900683E+04  -0.514125737E+04
   0.839486069E+00   0.183523186E+02  -0.138950293E+04   0.232285027E+04
   0.845969563E+00   0.178549955E+02  -0.138737891E+04   0.948662124E+04
   0.852275140E+00   0.173588857E+02  -0.138274671E+04   0.163261257E+05
   0.858403393E+00   0.168648662E+02  -0.137572629E+04   0.228203978E+05
   0.864355220E+00   0.163737697E+02  -0.136644460E+04   0.289515190E+05
   0.870131810E+00   0.158863825E+02  -0.135503443E+04   0.347046712E+05
   0.875734626E+00   0.154034423E+02  -0.134163335E+04   0.400681590E+05
   0.881165385E+00   0.149256370E+02  -0.132638253E+04   0.450334023E+05
   0.886426042E+00   0.144536033E+02  -0.130942566E+04   0.495948992E+05
   0.891518769E+00   0.139879262E+02  -0.129090789E+04   0.537501602E+05
   0.896445941E+00   0.135291388E+02  -0.127097471E+04   0.574996147E+05
   0.901210111E+00   0.130777219E+02  -0.124977094E+04   0.608464927E+05
   0.905814000E+00   0.126341049E+02  -0.122743980E+04   0.637966809E+05
   0.910260468E+00   0.121986663E+02  -0.120412192E+04   0.663585582E+05
   0.914552505E+00   0.117717347E+02  -0.117995451E+04   0.685428109E+05
   0.918693210E+00   0.113535905E+02  -0.115507059E+04   0.703622301E+05
   0.922685773E+00   0.109444672E+02  -0.112959824E+04   0.718314954E+05
   0.926533460E+00   0.105445533E+02  -0.110365999E+04   0.729669461E+05
   0.930239595E+00   0.101539948E+02  -0.107737224E+04   0.737863433E+05
   0.933807550E+00   0.977289679E+01  -0.105084481E+04   0.743086264E+05
   0.937240726E+00   0.940132664E+01  -0.102418059E+04   0.745536653E+05
   0.940542542E+00   0.903931594E+01  -0.997475201E+03   0.745420134E+05
   0.943716422E+00   0.868686343E+01  -0.970816820E+03   0.742946623E+05
   0.946765785E+00   0.834393760E+01  -0.944286068E+03   0.738328020E+05
   0.949694031E+00   0.801047944E+01  -0.917955975E+03   0.731775891E+05
   0.952504539E+00   0.768640514E+01  -0.891892034E+03   0.723499254E+05
   0.955200650E+00   0.737160876E+01  -0.866152328E+03   0.713702489E+05
   0.957785664E+00   0.706596487E+01  -0.840787734E+03   0.702583403E+05
   0.960262836E+00   0.676933105E+01  -0.815842188E+03   0.690331454E+05
   0.962635363E+00   0.648155034E+01  -0.791353015E+03   0.677126169E+05
   0.964906387E+00   0.620245357E+01  -0.767351310E+03   0.663135746E+05
   0.967078985E+00   0.593186146E+01  -0.743862365E+03   0.648515878E+05
   0.969156170E+00   0.566958664E+01  -0.720906133E+03   0.633408786E+05
   0.971140887E+00   0.541543549E+01  -0.698497730E+03   0.617942471E+05
   0.973036009E+00   0.516920976E+01  -0.676647945E+03   0.602230195E+05
   0.974844338E+00   0.493070804E+01  -0.655363786E+03   0.586370183E+05
   0.976568605E+00   0.469972698E+01  -0.634649009E+03   0.570445539E+05
   0.978211466E+00   0.447606242E+01  -0.614504664E+03   0.554524381E+05
   0.979775505E+00   0.425951021E+01  -0.594929627E+03   0.538660170E+05
   0.981263233E+00   0.404986692E+01  -0.575921113E+03   0.522892239E+05
   0.982677088E+00   0.384693034E+01  -0.557475170E+03   0.507246491E+05
   0.984019435E+00   0.365049981E+01  -0.539587149E+03   0.491736258E+05
   0.985292570E+00   0.346037640E+01  -0.522252131E+03   0.476363308E+05
   0.986498715E+00   0.327636292E+01  -0.505465326E+03   0.461118966E+05
   0.987640023E+00   0.309826384E+01  -0.489222422E+03   0.445985345E+05
   0.988718579E+00   0.292588503E+01  -0.473519896E+03   0.430936646E+05
   0.989736395E+00   0.275903343E+01  -0.458355266E+03   0.415940528E+05
   0.990695417E+00   0.259751668E+01  -0.443727308E+03   0.400959505E+05
   0.991597522E+00   0.244114257E+01  -0.429636211E+03   0.385952352E+05
   0.992444516E+00   0.228971858E+01  -0.416083685E+03   0.370875505E+05
   0.993238137E+00   0.214305129E+01  -0.403073023E+03   0.355684432E+05
   0.993980055E+00   0.200094581E+01  -0.390609110E+03   0.340334941E+05
   0.994671868E+00   0.186320523E+01  -0.378698389E+03   0.324784423E+05
   0.995315103E+00   0.172963005E+01  -0.367348783E+03   0.308993002E+05
   0.995911216E+00   0.160001770E+01  -0.356569580E+03   0.292924576E+05
   0.996461590E+00   0.147416205E+01  -0.346371276E+03   0.276547743E+05
   0.996967532E+00   0.135185301E+01  -0.336765399E+03   0.259836584E+05
   0.997430274E+00   0.123287625E+01  -0.327764295E+03   0.242771313E+05
   0.997850971E+00   0.111701285E+01  -0.319380902E+03   0.225338771E+05
   0.998230697E+00   0.100403924E+01  -0.311628506E+03   0.207532765E+05
   0.998570447E+00   0.893727025E+00  -0.304520486E+03   0.189354253E+05
   0.998871133E+00   0.785843065E+00  -0.298070057E+03   0.170811367E+05
   0.999133582E+00   0.680149545E+00  -0.292290019E+03   0.151919290E+05
   0.999358534E+00   0.576404180E+00  -0.287192504E+03   0.132699974E+05
   0.999546643E+00   0.474360496E+00  -0.282788742E+03   0.113181728E+05
   0.999698475E+00   0.373768188E+00  -0.279088845E+03   0.933986660E+04
   0.999814504E+00   0.274373563E+00  -0.276101608E+03   0.733900436E+04
   0.999895112E+00   0.175920039E+00  -0.273834339E+03   0.531994863E+04
   0.999940591E+00   0.781487034E-01  -0.272292720E+03   0.328741296E+04
   0.999951138E+00  -0.192010823E-01  -0.271480693E+03   0.124636887E+04
   0.999926857E+00  -0.116391046E+00  -0.271400391E+03  -0.798052695E+03
   0.999867759E+00  -0.213683348E+00  -0.272052095E+03  -0.284066323E+04
   0.999773759E+00  -0.311339916E+00  -0.273434231E+03  -0.487632002E+04
   0.999644682E+00  -0.409621790E+00  -0.275543410E+03  -0.690002905E+04
   0.999480256E+00  -0.508788478E+00  -0.278374493E+03  -0.890704530E+04
   0.999280118E+00  -0.609097351E+00  -0.281920704E+03  -0.108929687E+05
   0.999043813E+00  -0.710803080E+00  -0.286173763E+03  -0.128538336E+05
   0.998770797E+00  -0.814157127E+00  -0.291124062E+03  -0.147861905E+05
   0.998460434E+00  -0.919407304E+00  -0.296760861E+03  -0.166871774E+05
   0.998112001E+00  -0.102679741E+01  -0.303072508E+03  -0.185545805E+05
   0.997724689E+00  -0.113656693E+01  -0.310046683E+03  -0.203868823E+05
   0.997297605E+00  -0.124895088E+01  -0.317670651E+03  -0.221832950E+05
   0.996829769E+00  -0.136417965E+01  -0.325931531E+03  -0.239437807E+05
   0.996320123E+00  -0.148247906E+01  -0.334816561E+03  -0.256690553E+05
   0.995767526E+00  -0.160407040E+01  -0.344313370E+03  -0.273605771E+05
   0.995170763E+00  -0.172917065E+01  -0.354410240E+03  -0.290205190E+05
   0.994528536E+00  -0.185799274E+01  -0.365096349E+03  -0.306517253E+05
   0.993839476E+00  -0.199074593E+01  -0.376362008E+03  -0.322576530E+05
   0.993102138E+00  -0.212763623E+01  -0.388198866E+03  -0.338422976E+05
   0.992315005E+00  -0.226886694E+01  -0.400600084E+03  -0.354101054E+05
   0.991476484E+00  -0.241463920E+01  -0.413560482E+03  -0.369658725E+05
   0.990584915E+00  -0.256515259E+01  -0.427076645E+03  -0.385146322E+05
   0.989638563E+00  -0.272060583E+01  -0.441146982E+03  -0.400615324E+05
   0.988635624E+00  -0.288119736E+01  -0.455771749E+03  -0.416117038E+05
   0.987574222E+00  -0.304712606E+01  -0.470953016E+03  -0.431701228E+05
   0.986452410E+00  -0.321859187E+01  -0.486694586E+03  -0.447414686E+05
   0.985268169E+00  -0.339579637E+01  -0.503001861E+03  -0.463299788E+05
   0.984019407E+00  -0.357894335E+01  -0.519881662E+03  -0.479393044E+05
   0.982703959E+00  -0.376823923E+01  -0.537341992E+03  -0.495723670E+05
   0.981319586E+00  -0.396389351E+01  -0.555391746E+03  -0.512312203E+05
   0.979863973E+00  -0.416611895E+01  -0.574040382E+03  -0.529169190E+05
   0.978334727E+00  -0.437513176E+01  -0.593297537E+03  -0.546293954E+05
   0.976729378E+00  -0.459115157E+01  -0.613172607E+03  -0.563673487E+05
   0.975045378E+00  -0.481440126E+01  -0.633674285E+03  -0.581281462E+05
   0.973280096E+00  -0.504510662E+01  -0.654810072E+03  -0.599077400E+05
   0.971430822E+00  -0.528349585E+01  -0.676585753E+03  -0.617006016E+05
   0.969494763E+00  -0.552979881E+01  -0.699004862E+03  -0.634996733E+05
   0.967469043E+00  -0.578424617E+01  -0.722068129E+03  -0.652963406E+05
   0.965350705E+00  -0.604706826E+01  -0.745772915E+03  -0.670804251E+05
   0.963136707E+00  -0.631849378E+01  -0.770112661E+03  -0.688401996E+05
   0.960823928E+00  -0.659874828E+01  -0.795076333E+03  -0.705624243E+05
   0.958409167E+00  -0.688805251E+01  -0.820647895E+03  -0.722324072E+05
   0.955889145E+00  -0.718662049E+01  -0.846805801E+03  -0.738340861E+05
   0.953260505E+00  -0.749465745E+01  -0.873522523E+03  -0.753501328E+05
   0.950519823E+00  -0.781235765E+01  -0.900764116E+03  -0.767620794E+05
   0.947663604E+00  -0.813990198E+01  -0.928489843E+03  -0.780504648E+05
   0.944688293E+00  -0.847745547E+01  -0.956651841E+03  -0.791950014E+05
   0.941590278E+00  -0.882516469E+01  -0.985194861E+03  -0.801747590E+05
   0.938365900E+00  -0.918315507E+01  -0.101405607E+04  -0.809683651E+05
   0.935011457E+00  -0.955152817E+01  -0.104316495E+04  -0.815542203E+05
   0.931523216E+00  -0.993035890E+01  -0.107244321E+04  -0.819107245E+05
   0.927897424E+00  -0.103196928E+02  -0.110180488E+04  -0.820165135E+05
   0.924130316E+00  -0.107195431E+02  -0.113115642E+04  -0.818507026E+05
   0.920218127E+00  -0.111298884E+02  -0.116039692E+04  -0.813931342E+05
   0.916157109E+00  -0.115506698E+02  -0.118941843E+04  -0.806246273E+05
   0.911943541E+00  -0.119817886E+02  -0.121810634E+04  -0.795272251E+05
   0.907573744E+00  -0.124231038E+02  -0.124633984E+04  -0.780844394E+05
   0.903044099E+00  -0.128744301E+02  -0.127399256E+04  -0.762814862E+05
   0.898351060E+00  -0.133355363E+02  -0.130093314E+04  -0.741055128E+05
   0.893491173E+00  -0.138061431E+02  -0.132702600E+04  -0.715458108E+05
   0.888461094E+00  -0.142859222E+02  -0.135213215E+04  -0.685940144E+05
   0.883257603E+00  -0.147744947E+02  -0.137611005E+04  -0.652442799E+05
   0.877877627E+00  -0.152714312E+02  -0.139881652E+04  -0.614934454E+05
   0.872318254E+00  -0.157762505E+02  -0.142010778E+04  -0.573411670E+05
   0.866576757E+00  -0.162884201E+02  -0.143984042E+04  -0.527900310E+05
   0.860650605E+00  -0.168073562E+02  -0.145787252E+04  -0.478456402E+05
   0.854537487E+00  -0.173324249E+02  -0.147406470E+04  -0.425166710E+05
   0.848235328E+00  -0.178629428E+02  -0.148828125E+04  -0.368149039E+05
   0.841742305E+00  -0.183981787E+02  -0.150039123E+04  -0.307552229E+05
   0.835056867E+00  -0.189373556E+02  -0.151026958E+04  -0.243555854E+05
   0.828177748E+00  -0.194796529E+02  -0.151779821E+04  -0.176369623E+05
   0.821103984E+00  -0.200242092E+02  -0.152286709E+04  -0.106232485E+05
   0.813834926E+00  -0.205701251E+02  -0.152537524E+04  -0.334114285E+04
   0.806370252E+00  -0.211164670E+02  -0.152523170E+04   0.417999832E+04
   0.798709983E+00  -0.216622705E+02  -0.152235650E+04   0.119083365E+05
   0.790854487E+00  -0.222065449E+02  -0.151668149E+04   0.198097511E+05
   0.782804493E+00  -0.227482770E+02  -0.150815110E+04   0.278480632E+05
   0.774561096E+00  -0.232864363E+02  -0.149672306E+04   0.359852820E+05
   0.766125761E+00  -0.238199795E+02  -0.148236897E+04   0.441818695E+05
   0.757500331E+00  -0.243478558E+02  -0.146507486E+04   0.523970227E+05
   0.748687022E+00  -0.248690119E+02  -0.144484154E+04   0.605889700E+05
   0.739688431E+00  -0.253823976E+02  -0.142168488E+04   0.687152789E+05
   0.730507526E+00  -0.258869711E+02  -0.139563606E+04   0.767331712E+05
   0.721147648E+00  -0.263817045E+02  -0.136674157E+04   0.845998447E+05
   0.711612503E+00  -0.268655892E+02  -0.133506320E+04   0.922727958E+05
   0.701906153E+00  -0.273376416E+02  -0.130067784E+04   0.997101416E+05
   0.692033007E+00  -0.277969083E+02  -0.126367723E+04   0.106870937E+06
   0.681997809E+00  -0.282424711E+02  -0.122416758E+04   0.113715488E+06
   0.671805626E+00  -0.286734526E+02  -0.118226901E+04   0.120205645E+06
   0.661461830E+00  -0.290890209E+02  -0.113811501E+04   0.126305100E+06
   0.650972083E+00  -0.294883939E+02  -0.109185169E+04   0.131979647E+06
   0.640342316E+00  -0.298708441E+02  -0.104363701E+04   0.137197444E+06
   0.629578713E+00  -0.302357027E+02  -0.993639857E+03   0.141929240E+06
   0.618687683E+00  -0.305823631E+02  -0.942039108E+03   0.146148586E+06
   0.607675843E+00  -0.309102843E+02  -0.889022582E+03   0.149832021E+06
   0.596549991E+00  -0.312189941E+02  -0.834785940E+03   0.152959232E+06
   0.585317081E+00  -0.315080916E+02  -0.779531533E+03   0.155513185E+06
   0.573984197E+00  -0.317772493E+02  -0.723467210E+03   0.157480232E+06
   0.562558528E+00  -0.320262151E+02  -0.666805091E+03   0.158850183E+06
   0.551047340E+00  -0.322548134E+02  -0.609760316E+03   0.159616358E+06
   0.539457946E+00  -0.324629459E+02  -0.552549789E+03   0.159775601E+06
   0.527797681E+00  -0.326505922E+02  -0.495390910E+03   0.159328275E+06
   0.516073876E+00  -0.328178096E+02  -0.438500328E+03   0.158278219E+06
   0.504293823E+00  -0.329647328E+02  -0.382092703E+03   0.156632687E+06
   0.492464756E+00  -0.330915726E+02  -0.326379497E+03   0.154402257E+06
   0.480593818E+00  -0.331986149E+02  -0.271567806E+03   0.151600717E+06
   0.468688038E+00  -0.332862191E+02  -0.217859234E+03   0.148244928E+06
   0.456754301E+00  -0.333548151E+02  -0.165448820E+03   0.144354664E+06
   0.444799328E+00  -0.334049018E+02  -0.114524023E+03   0.139952441E+06
   0.432829648E+00  -0.334370435E+02  -0.652637783E+02   0.135063322E+06
   0.420851578E+00  -0.334518670E+02  -0.178376194E+02   0.129714708E+06
   0.408871199E+00  -0.334500580E+02   0.275951206E+02   0.123936125E+06
   0.396894336E+00  -0.334323573E+02   0.708860284E+02   0.117758991E+06
   0.384926540E+00  -0.333995568E+02   0.111898247E+03   0.111216387E+06
   0.372973071E+00  -0.333524954E+02   0.150507030E+03   0.104342814E+06
   0.361038879E+00  -0.332920541E+02   0.186600203E+03   0.971739560E+05
   0.349128593E+00  -0.332191522E+02   0.220078550E+03   0.897464373E+05
   0.337246504E+00  -0.331347418E+02   0.250856101E+03   0.820975865E+05
   0.325396561E+00  -0.330398036E+02   0.278860349E+03   0.742652037E+05
   0.313582353E+00  -0.329353418E+02   0.304032373E+03   0.662873343E+05
   0.301807110E+00  -0.328223791E+02   0.326326891E+03   0.582020519E+05
   0.290073690E+00  -0.327019523E+02   0.345712227E+03   0.500472507E+05
   0.278384580E+00  -0.325751067E+02   0.362170217E+03   0.418604504E+05
   0.266741890E+00  -0.324428921E+02   0.375696040E+03   0.336786129E+05
   0.255147355E+00  -0.323063575E+02   0.386297984E+03   0.255379730E+05
   0.243602335E+00  -0.321665466E+02   0.393997164E+03   0.174738839E+05
   0.232107819E+00  -0.320244933E+02   0.398827174E+03   0.952067683E+04
   0.220664425E+00  -0.318812174E+02   0.400833704E+03   0.171153700E+04
   0.209272413E+00  -0.317377200E+02   0.400074106E+03  -0.592160635E+04
   0.197931685E+00  -0.315949800E+02   0.396616925E+03  -0.133481741E+05
   0.186641799E+00  -0.314539494E+02   0.390541409E+03  -0.205390171E+05
   0.175401976E+00  -0.313155504E+02   0.381936973E+03  -0.274664813E+05
   0.164211115E+00  -0.311806711E+02   0.370902666E+03  -0.341044604E+05
   0.153067800E+00  -0.310501626E+02   0.357546600E+03  -0.404284354E+05
   0.141970320E+00  -0.309248359E+02   0.341985378E+03  -0.464155026E+05
   0.130916681E+00  -0.308054585E+02   0.324343518E+03  -0.520443917E+05
   0.119904621E+00  -0.306927523E+02   0.304752858E+03  -0.572954747E+05
   0.108931629E+00  -0.305873905E+02   0.283351973E+03  -0.621507670E+05
   0.979949618E-01  -0.304899958E+02   0.260285583E+03  -0.665939218E+05
   0.870916624E-01  -0.304011377E+02   0.235703974E+03  -0.706102200E+05
   0.762185797E-01  -0.303213314E+02   0.209762412E+03  -0.741865555E+05
   0.653723881E-01  -0.302510353E+02   0.182620569E+03  -0.773114189E+05
   0.545496082E-01  -0.301906503E+02   0.154441958E+03  -0.799748793E+05
   0.437466276E-01  -0.301405177E+02   0.125393369E+03  -0.821685661E+05
   0.329597224E-01  -0.301009189E+02   0.956443098E+02  -0.838856520E+05
   0.221850788E-01  -0.300720740E+02   0.653664625E+02  -0.851208375E+05
   0.114188153E-01  -0.300541415E+02   0.347331340E+02  -0.858703379E+05
   0.657004664E-03  -0.300472175E+02   0.391871703E+01  -0.861318740E+05
  -0.101043034E-01  -0.300513354E+02  -0.269018478E+02  -0.859046659E+05
  -0.208690601E-01  -0.300664662E+02  -0.575536089E+02  -0.851894309E+05
  -0.316411949E-01  -0.300925182E+02  -0.878621399E+02  -0.839883856E+05
  -0.424245933E-01  -0.301293372E+02  -0.117654077E+03  -0.823052515E+05
  -0.532230746E-01  -0.301767076E+02  -0.146757662E+03  -0.801452646E+05
  -0.640403697E-01  -0.302343523E+02  -0.175003281E+03  -0.775151880E+05
  -0.748800997E-01  -0.303019341E+02  -0.202224022E+03  -0.744233275E+05
  -0.857457540E-01  -0.303790566E+02  -0.228256225E+03  -0.708795480E+05
  -0.966406699E-01  -0.304652653E+02  -0.252940043E+03  -0.668952926E+05
  -0.107568012E+00  -0.305600494E+02  -0.276120016E+03  -0.624835996E+05
  -0.118530751E+00  -0.306628432E+02  -0.297645637E+03  -0.576591198E+05
  -0.129531646E+00  -0.307730280E+02  -0.317371942E+03  -0.524381305E+05
  -0.140573227E+00  -0.308899345E+02  -0.335160085E+03  -0.468385466E+05
  -0.151657773E+00  -0.310128446E+02  -0.350877933E+03  -0.408799254E+05
  -0.162787299E+00  -0.311409944E+02  -0.364400649E+03  -0.345834661E+05
  -0.173963538E+00  -0.312735764E+02  -0.375611282E+03  -0.279720012E+05
  -0.185187926E+00  -0.314097430E+02  -0.384401350E+03  -0.210699786E+05
  -0.196461591E+00  -0.315486091E+02  -0.390671408E+03  -0.139034342E+05
  -0.207785335E+00  -0.316892560E+02  -0.394331616E+03  -0.649995179E+04
  -0.219159627E+00  -0.318307343E+02  -0.395302283E+03   0.111138793E+04
  -0.230584591E+00  -0.319720682E+02  -0.393514390E+03   0.890007298E+04
  -0.242059996E+00  -0.321122591E+02  -0.388910091E+03   0.168342391E+05
  -0.253585252E+00  -0.322502895E+02  -0.381443179E+03   0.248807636E+05
  -0.265159401E+00  -0.323851280E+02  -0.371079520E+03   0.330053746E+05
  -0.276781113E+00  -0.325157327E+02  -0.357797440E+03   0.411727747E+05
  -0.288448684E+00  -0.326410566E+02  -0.341588070E+03   0.493467808E+05
  -0.300160036E+00  -0.327600516E+02  -0.322455635E+03   0.574904781E+05
  -0.311912715E+00  -0.328716737E+02  -0.300417686E+03   0.655663889E+05
  -0.323703895E+00  -0.329748874E+02  -0.275505270E+03   0.735366553E+05
  -0.335530380E+00  -0.330686709E+02  -0.247763033E+03   0.813632339E+05
  -0.347388614E+00  -0.331520207E+02  -0.217249245E+03   0.890081029E+05
  -0.359274683E+00  -0.332239568E+02  -0.184035760E+03   0.964334789E+05
  -0.371184328E+00  -0.332835271E+02  -0.148207884E+03   0.103602043E+06
  -0.383112956E+00  -0.333298127E+02  -0.109864172E+03   0.110477171E+06
  -0.395055648E+00  -0.333619320E+02  -0.691161370E+02   0.117023174E+06
  -0.407007182E+00  -0.333790460E+02  -0.260878677E+02   0.123205536E+06
  -0.418962038E+00  -0.333803619E+02   0.190844304E+02   0.128991153E+06
  -0.430914425E+00  -0.333651381E+02   0.662529853E+02   0.134348575E+06
  -0.442858295E+00  -0.333326877E+02   0.115259092E+03   0.139248238E+06
  -0.454787365E+00  -0.332823827E+02   0.165933831E+03   0.143662690E+06
  -0.466695135E+00  -0.332136570E+02   0.218098861E+03   0.147566813E+06
  -0.478574919E+00  -0.331260103E+02   0.271567293E+03   0.150938027E+06
  -0.490419859E+00  -0.330190102E+02   0.326144639E+03   0.153756484E+06
  -0.502222959E+00  -0.328922956E+02   0.381629814E+03   0.156005243E+06
  -0.513977104E+00  -0.327455780E+02   0.437816212E+03   0.157670431E+06
  -0.525675090E+00  -0.325786442E+02   0.494492830E+03   0.158741374E+06
  -0.537309649E+00  -0.323913567E+02   0.551445431E+03   0.159210720E+06
  -0.548873480E+00  -0.321836554E+02   0.608457754E+03   0.159074524E+06
  -0.560359272E+00  -0.319555578E+02   0.665312745E+03   0.158332314E+06
  -0.571759736E+00  -0.317071592E+02   0.721793812E+03   0.156987132E+06
  -0.583067629E+00  -0.314386318E+02   0.777686079E+03   0.155045542E+06
  -0.594275785E+00  -0.311502247E+02   0.832777652E+03   0.152517613E+06
  -0.605377141E+00  -0.308422619E+02   0.886860865E+03   0.149416873E+06
  -0.616364762E+00  -0.305151409E+02   0.939733503E+03   0.145760233E+06
  -0.627231868E+00  -0.301693306E+02   0.991200000E+03   0.141567887E+06
  -0.637971860E+00  -0.298053684E+02   0.104107259E+04   0.136863173E+06
  -0.648578344E+00  -0.294238574E+02   0.108917240E+04   0.131672422E+06
  -0.659045153E+00  -0.290254630E+02   0.113533051E+04   0.126024768E+06
  -0.669366368E+00  -0.286109094E+02   0.117938890E+04   0.119951942E+06
  -0.679536338E+00  -0.281809750E+02   0.122120132E+04   0.113488040E+06
  -0.689549704E+00  -0.277364886E+02   0.126063415E+04   0.106669268E+06
  -0.699401409E+00  -0.272783242E+02   0.129756706E+04   0.995336764E+05
  -0.709086717E+00  -0.268073966E+02   0.133189364E+04   0.921208693E+05
  -0.718601226E+00  -0.263246562E+02   0.136352189E+04   0.844717072E+05
  -0.727940880E+00  -0.258310836E+02   0.139237462E+04   0.766279964E+05
  -0.737101979E+00  -0.253276844E+02   0.141838976E+04   0.686321715E+05
  -0.746081188E+00  -0.248154837E+02   0.144152046E+04   0.605269747E+05
  -0.754875540E+00  -0.242955205E+02   0.146173522E+04   0.523551319E+05
  -0.763482442E+00  -0.237688425E+02   0.147901777E+04   0.441590330E+05
  -0.771899677E+00  -0.232365006E+02   0.149336692E+04   0.359804154E+05
  -0.780125406E+00  -0.226995432E+02   0.150479627E+04   0.278600569E+05
  -0.788158162E+00  -0.221590114E+02   0.151333381E+04   0.198374794E+05
  -0.795996849E+00  -0.216159339E+02   0.151902140E+04   0.119506665E+05
  -0.803640737E+00  -0.210713217E+02   0.152191420E+04   0.423579796E+04
  -0.811089455E+00  -0.205261641E+02   0.152207997E+04  -0.327299608E+04
  -0.818342981E+00  -0.199814237E+02   0.151959828E+04  -0.105438599E+05
  -0.825401631E+00  -0.194380328E+02   0.151455968E+04  -0.175474126E+05
  -0.832266051E+00  -0.188968894E+02   0.150706478E+04  -0.242569235E+05
  -0.838937201E+00  -0.183588537E+02   0.149722324E+04  -0.306484603E+05
  -0.845416343E+00  -0.178247454E+02   0.148515281E+04  -0.367010083E+05
  -0.851705022E+00  -0.172953405E+02   0.147097819E+04  -0.423965617E+05
  -0.857805056E+00  -0.167713693E+02   0.145483000E+04  -0.477201835E+05
  -0.863718514E+00  -0.162535146E+02   0.143684367E+04  -0.526600373E+05
  -0.869447702E+00  -0.157424099E+02   0.141715828E+04  -0.572073871E+05
  -0.874995143E+00  -0.152386383E+02   0.139591551E+04  -0.613565694E+05
  -0.880363560E+00  -0.147427319E+02   0.137325851E+04  -0.651049353E+05
  -0.885555857E+00  -0.142551716E+02   0.134933088E+04  -0.684527660E+05
  -0.890575102E+00  -0.137763867E+02   0.132427558E+04  -0.714031610E+05
  -0.895424507E+00  -0.133067557E+02   0.129823399E+04  -0.739619023E+05
  -0.900107411E+00  -0.128466070E+02   0.127134496E+04  -0.761372961E+05
  -0.904627260E+00  -0.123962195E+02   0.124374393E+04  -0.779399932E+05
  -0.908987595E+00  -0.119558248E+02   0.121556216E+04  -0.793827920E+05
  -0.913192026E+00  -0.115256079E+02   0.118692595E+04  -0.804804253E+05
  -0.917244228E+00  -0.111057099E+02   0.115795602E+04  -0.812493346E+05
  -0.921147913E+00  -0.106962295E+02   0.112876692E+04  -0.817074340E+05
  -0.924906824E+00  -0.102972258E+02   0.109946658E+04  -0.818738667E+05
  -0.928524719E+00  -0.990872022E+01   0.107015587E+04  -0.817687575E+05
  -0.932005355E+00  -0.953069957E+01   0.104092833E+04  -0.814129637E+05
  -0.935352481E+00  -0.916311843E+01   0.101186992E+04  -0.808278273E+05
  -0.938569823E+00  -0.880590198E+01   0.983058907E+03  -0.800349315E+05
  -0.941661075E+00  -0.845894877E+01   0.954565840E+03  -0.790558645E+05
  -0.944629891E+00  -0.812213344E+01   0.926453552E+03  -0.779119926E+05
  -0.947479876E+00  -0.779530951E+01   0.898777301E+03  -0.766242449E+05
  -0.950214579E+00  -0.747831202E+01   0.871584960E+03  -0.752129130E+05
  -0.952837488E+00  -0.717096018E+01   0.844917274E+03  -0.736974663E+05
  -0.955352022E+00  -0.687305980E+01   0.818808189E+03  -0.720963851E+05
  -0.957761531E+00  -0.658440571E+01   0.793285232E+03  -0.704270138E+05
  -0.960069286E+00  -0.630478399E+01   0.768369941E+03  -0.687054343E+05
  -0.962278485E+00  -0.603397398E+01   0.744078336E+03  -0.669463608E+05
  -0.964392242E+00  -0.577175019E+01   0.720421425E+03  -0.651630573E+05
  -0.966413591E+00  -0.551788404E+01   0.697405736E+03  -0.633672773E+05
  -0.968345485E+00  -0.527214531E+01   0.675033864E+03  -0.615692263E+05
  -0.970190792E+00  -0.503430346E+01   0.653305026E+03  -0.597775464E+05
  -0.971952300E+00  -0.480412878E+01   0.632215627E+03  -0.579993227E+05
  -0.973632714E+00  -0.458139326E+01   0.611759808E+03  -0.562401106E+05
  -0.975234658E+00  -0.436587130E+01   0.591929987E+03  -0.545039833E+05
  -0.976760674E+00  -0.415734025E+01   0.572717379E+03  -0.527935973E+05
  -0.978213228E+00  -0.395558076E+01   0.554112492E+03  -0.511102750E+05
  -0.979594705E+00  -0.376037693E+01   0.536105582E+03  -0.494541025E+05
  -0.980907415E+00  -0.357151632E+01   0.518687079E+03  -0.478240410E+05
  -0.982153593E+00  -0.338878985E+01   0.501847970E+03  -0.462180484E+05
  -0.983335398E+00  -0.321199149E+01   0.485580134E+03  -0.446332116E+05
  -0.984454916E+00  -0.304091794E+01   0.469876626E+03  -0.430658838E+05
  -0.985514163E+00  -0.287536814E+01   0.454731919E+03  -0.415118274E+05
  -0.986515080E+00  -0.271514270E+01   0.440142089E+03  -0.399663588E+05
  -0.987459540E+00  -0.256004335E+01   0.426104945E+03  -0.384244934E+05
  -0.988349341E+00  -0.240987229E+01   0.412620115E+03  -0.368810873E+05
  -0.989186214E+00  -0.226443149E+01   0.399689077E+03  -0.353309760E+05
  -0.989971817E+00  -0.212352209E+01   0.387315142E+03  -0.337691052E+05
  -0.990707737E+00  -0.198694372E+01   0.375503395E+03  -0.321906541E+05
  -0.991395490E+00  -0.185449386E+01   0.364260587E+03  -0.305911487E+05
  -0.992036517E+00  -0.172596734E+01   0.353594992E+03  -0.289665623E+05
  -0.992632185E+00  -0.160115574E+01   0.343516236E+03  -0.273134047E+05
  -0.993183788E+00  -0.147984700E+01   0.334035086E+03  -0.256287959E+05
  -0.993692542E+00  -0.136182504E+01   0.325163222E+03  -0.239105258E+05
  -0.994159583E+00  -0.124686944E+01   0.316912989E+03  -0.221570981E+05
  -0.994585971E+00  -0.113475531E+01   0.309297136E+03  -0.203677583E+05
  -0.994972682E+00  -0.102525315E+01   0.302328547E+03  -0.185425059E+05
  -0.995320609E+00  -0.918128855E+00   0.296019970E+03  -0.166820909E+05
  -0.995630562E+00  -0.813143837E+00   0.290383756E+03  -0.147879946E+05
  -0.995903263E+00  -0.710055179E+00   0.285431596E+03  -0.128623963E+05
  -0.996139347E+00  -0.608615936E+00   0.281174284E+03  -0.109081262E+05
  -0.996339361E+00  -0.508575491E+00   0.277621492E+03  -0.892860477E+04
  -0.996503759E+00  -0.409679993E+00   0.274781574E+03  -0.692777240E+04
  -0.996632907E+00  -0.311672865E+00   0.272661387E+03  -0.491000776E+04
  -0.996727075E+00  -0.214295361E+00   0.271266160E+03  -0.288003888E+04
  -0.996786443E+00  -0.117287171E+00   0.270599376E+03  -0.842847510E+03
  -0.996811097E+00  -0.203870615E-01   0.270662706E+03   0.119643095E+04
  -0.996801027E+00   0.766664681E-01   0.271455969E+03   0.323261007E+04
  -0.996756134E+00   0.174134522E+00   0.272977131E+03   0.526055571E+04
  -0.996676220E+00   0.272277149E+00   0.275222348E+03   0.727528778E+04
  -0.996560999E+00   0.371352707E+00   0.278186030E+03   0.927207884E+04
  -0.996410091E+00   0.471617256E+00   0.281860956E+03   0.112465473E+05
  -0.996223024E+00   0.573323998E+00   0.286238411E+03   0.131947435E+05
  -0.995999236E+00   0.676722770E+00   0.291308353E+03   0.151132273E+05
  -0.995738079E+00   0.782059604E+00   0.297059610E+03   0.169991348E+05
  -0.995438813E+00   0.889576362E+00   0.303480097E+03   0.188502338E+05
  -0.995100617E+00   0.999510448E+00   0.310557048E+03   0.206649659E+05
  -0.994722582E+00   0.111209461E+01   0.318277263E+03   0.224424747E+05
  -0.994303718E+00   0.122755682E+01   0.326627366E+03   0.241826193E+05
  -0.993842954E+00   0.134612029E+01   0.335594056E+03   0.258859727E+05
  -0.993339141E+00   0.146800349E+01   0.345164365E+03   0.275538036E+05
  -0.992791051E+00   0.159342037E+01   0.355325896E+03   0.291880437E+05
  -0.992197382E+00   0.172258054E+01   0.366067060E+03   0.307912389E+05
  -0.991556754E+00   0.185568968E+01   0.377377276E+03   0.323664855E+05
  -0.990867719E+00   0.199294986E+01   0.389247161E+03   0.339173521E+05
  -0.990128753E+00   0.213456004E+01   0.401668682E+03   0.354477884E+05
  -0.989338263E+00   0.228071654E+01   0.414635272E+03   0.369620219E+05
  -0.988494587E+00   0.243161365E+01   0.428141911E+03   0.384644433E+05
  -0.987595992E+00   0.258744409E+01   0.442185164E+03   0.399594833E+05
  -0.986640677E+00   0.274839968E+01   0.456763168E+03   0.414514824E+05
  -0.985626772E+00   0.291467181E+01   0.471875581E+03   0.429445543E+05
  -0.984552339E+00   0.308645203E+01   0.487523470E+03   0.444424470E+05
  -0.983415371E+00   0.326393249E+01   0.503709160E+03   0.459484020E+05
  -0.982213792E+00   0.344730638E+01   0.520436023E+03   0.474650152E+05
  -0.980945456E+00   0.363676822E+01   0.537708229E+03   0.489941009E+05
  -0.979608148E+00   0.383251416E+01   0.555530433E+03   0.505365608E+05
  -0.978199582E+00   0.403474201E+01   0.573907434E+03   0.520922622E+05
  -0.976717402E+00   0.424365131E+01   0.592843782E+03   0.536599249E+05
  -0.975159178E+00   0.445944310E+01   0.612343346E+03   0.552370211E+05
  -0.973522409E+00   0.468231960E+01   0.632408853E+03   0.568196889E+05
  -0.971804521E+00   0.491248376E+01   0.653041399E+03   0.584026621E+05
  -0.970002869E+00   0.515013853E+01   0.674239934E+03   0.599792169E+05
  -0.968114734E+00   0.539548603E+01   0.696000732E+03   0.615411385E+05
  -0.966137324E+00   0.564872650E+01   0.718316858E+03   0.630787068E+05
  -0.964067777E+00   0.591005701E+01   0.741177624E+03   0.645807039E+05
  -0.961903162E+00   0.617967008E+01   0.764568065E+03   0.660344431E+05
  -0.959640479E+00   0.645775201E+01   0.788468412E+03   0.674258197E+05
  -0.957276662E+00   0.674448110E+01   0.812853603E+03   0.687393851E+05
  -0.954808584E+00   0.704002563E+01   0.837692818E+03   0.699584414E+05
  -0.952233060E+00   0.734454179E+01   0.862949049E+03   0.710651590E+05
  -0.949546850E+00   0.765817131E+01   0.888578721E+03   0.720407141E+05
  -0.946746669E+00   0.798103910E+01   0.914531361E+03   0.728654463E+05
  -0.943829188E+00   0.831325073E+01   0.940749334E+03   0.735190342E+05
  -0.940791045E+00   0.865488981E+01   0.967167634E+03   0.739806884E+05
  -0.937628852E+00   0.900601531E+01   0.993713760E+03   0.742293585E+05
  -0.934339206E+00   0.936665892E+01   0.102030766E+04   0.742439533E+05
  -0.930918696E+00   0.973682227E+01   0.104686174E+04   0.740035716E+05
  -0.927363918E+00   0.101164743E+02   0.107328101E+04   0.734877406E+05
  -0.923671484E+00   0.105055487E+02   0.109946326E+04   0.726766599E+05
  -0.919838038E+00   0.109039412E+02   0.112529933E+04   0.715514480E+05
  -0.915860267E+00   0.113115072E+02   0.115067351E+04   0.700943881E+05
  -0.911734917E+00   0.117280598E+02   0.117546399E+04   0.682891718E+05
  -0.907458811E+00   0.121533673E+02   0.119954340E+04   0.661211355E+05
  -0.903028861E+00   0.125871513E+02   0.122277946E+04   0.635774888E+05
  -0.898442089E+00   0.130290857E+02   0.124503567E+04   0.606475305E+05
  -0.893695642E+00   0.134787944E+02   0.126617209E+04   0.573228507E+05
  -0.888786810E+00   0.139358510E+02   0.128604624E+04   0.535975148E+05
  -0.883713045E+00   0.143997777E+02   0.130451394E+04   0.494682291E+05
  -0.878471982E+00   0.148700448E+02   0.132143035E+04   0.449344837E+05
  -0.873061450E+00   0.153460709E+02   0.133665097E+04   0.399986719E+05
  -0.867479501E+00   0.158272229E+02   0.135003267E+04   0.346661834E+05
  -0.861724418E+00   0.163128170E+02   0.136143482E+04   0.289454712E+05
  -0.855794742E+00   0.168021197E+02   0.137072035E+04   0.228480890E+05
  -0.849689281E+00   0.172943489E+02   0.137775690E+04   0.163887002E+05
  -0.843407137E+00   0.177886765E+02   0.138241791E+04   0.958505564E+04
  -0.836947711E+00   0.182842300E+02   0.138458373E+04   0.245794238E+04
  -0.830310727E+00   0.187800955E+02   0.138414266E+04  -0.496889865E+04
  -0.823496243E+00   0.192753208E+02   0.138099205E+04  -0.126688846E+05
  -0.816504664E+00   0.197689186E+02   0.137503925E+04  -0.206127315E+05
  -0.809336755E+00   0.202598703E+02   0.136620253E+04  -0.287686238E+05
  -0.801993649E+00   0.207471303E+02   0.135441202E+04  -0.371024100E+05
  -0.794476859E+00   0.212296301E+02   0.133961042E+04  -0.455778233E+05
  -0.786788284E+00   0.217062830E+02   0.132175381E+04  -0.541567259E+05
  -0.778930216E+00   0.221759891E+02   0.130081219E+04  -0.627993734E+05
  -0.770905339E+00   0.226376403E+02   0.127677004E+04  -0.714646985E+05
  -0.762716738E+00   0.230901258E+02   0.124962677E+04  -0.801106091E+05
  -0.754367893E+00   0.235323370E+02   0.121939696E+04  -0.886943007E+05
  -0.745862683E+00   0.239631734E+02   0.118611064E+04  -0.971725773E+05
  -0.737205375E+00   0.243815482E+02   0.114981330E+04  -0.105502180E+06
  -0.728400624E+00   0.247863934E+02   0.111056590E+04  -0.113640120E+06
  -0.719453464E+00   0.251766656E+02   0.106844469E+04  -0.121544007E+06
  -0.710369295E+00   0.255513517E+02   0.102354095E+04  -0.129172382E+06
  -0.701153877E+00   0.259094736E+02   0.975960601E+03  -0.136485039E+06
  -0.691813310E+00   0.262500939E+02   0.925823671E+03  -0.143443338E+06
  -0.682354023E+00   0.265723204E+02   0.873263716E+03  -0.150010505E+06
  -0.672782757E+00   0.268753112E+02   0.818427081E+03  -0.156151921E+06
  -0.663106542E+00   0.271582789E+02   0.761472083E+03  -0.161835386E+06
  -0.653332682E+00   0.274204950E+02   0.702568102E+03  -0.167031367E+06
  -0.643468731E+00   0.276612933E+02   0.641894582E+03  -0.171713221E+06
  -0.633522467E+00   0.278800735E+02   0.579639960E+03  -0.175857398E+06
  -0.623501874E+00   0.280763043E+02   0.516000530E+03  -0.179443605E+06
  -0.613415112E+00   0.282495260E+02   0.451179246E+03  -0.182454957E+06
  -0.603270492E+00   0.283993525E+02   0.385384483E+03  -0.184878084E+06
  -0.593076452E+00   0.285254730E+02   0.318828761E+03  -0.186703220E+06
  -0.582841524E+00   0.286276535E+02   0.251727446E+03  -0.187924248E+06
  -0.572574314E+00   0.287057375E+02   0.184297435E+03  -0.188538727E+06
  -0.562283467E+00   0.287596462E+02   0.116755844E+03  -0.188547876E+06
  -0.551977643E+00   0.287893783E+02   0.493187015E+02  -0.187956533E+06
  -0.541665491E+00   0.287950095E+02  -0.178003326E+02  -0.186773085E+06
  -0.531355616E+00   0.287766916E+02  -0.843912239E+02  -0.185009362E+06
  -0.521056558E+00   0.287346505E+02  -0.150248772E+03  -0.182680513E+06
  -0.510776760E+00   0.286691848E+02  -0.215173774E+03  -0.179804842E+06
  -0.500524548E+00   0.285806631E+02  -0.278974119E+03  -0.176403636E+06
  -0.490308103E+00   0.284695214E+02  -0.341465826E+03  -0.172500957E+06
  -0.480135439E+00   0.283362599E+02  -0.402473993E+03  -0.168123419E+06
  -0.470014378E+00   0.281814398E+02  -0.461833672E+03  -0.163299949E+06
  -0.459952532E+00   0.280056794E+02  -0.519390651E+03  -0.158061527E+06
  -0.449957281E+00   0.278096502E+02  -0.575002140E+03  -0.152440924E+06
  -0.440035758E+00   0.275940728E+02  -0.628537365E+03  -0.146472417E+06
  -0.430194828E+00   0.273597123E+02  -0.679878054E+03  -0.140191505E+06
  -0.420441073E+00   0.271073739E+02  -0.728918827E+03  -0.133634625E+06
  -0.410780783E+00   0.268378982E+02  -0.775567474E+03  -0.126838856E+06
  -0.401219941E+00   0.265521563E+02  -0.819745137E+03  -0.119841630E+06
  -0.391764211E+00   0.262510454E+02  -0.861386387E+03  -0.112680454E+06
  -0.382418935E+00   0.259354836E+02  -0.900439198E+03  -0.105392626E+06
  -0.373189120E+00   0.256064051E+02  -0.936864822E+03  -0.980149710E+05
  -0.364079438E+00   0.252647559E+02  -0.970637578E+03  -0.905835841E+05
  -0.355094221E+00   0.249114887E+02  -0.100174455E+04  -0.831335885E+05
  -0.346237459E+00   0.245475587E+02  -0.103018518E+04  -0.756989097E+05
  -0.337512799E+00   0.241739191E+02  -0.105597082E+04  -0.683120671E+05
  -0.328923548E+00   0.237915170E+02  -0.107912420E+04  -0.610039851E+05
  -0.320472678E+00   0.234012894E+02  -0.109967879E+04  -0.538038247E+05
  -0.312162824E+00   0.230041595E+02  -0.111767819E+04  -0.467388358E+05
  -0.303996296E+00   0.226010333E+02  -0.113317538E+04  -0.398342328E+05
  -0.295975083E+00   0.221927959E+02  -0.114623201E+04  -0.331130923E+05
  -0.288100858E+00   0.217803093E+02  -0.115691757E+04  -0.265962736E+05
  -0.280374995E+00   0.213644091E+02  -0.116530863E+04  -0.203023629E+05
  -0.272798570E+00   0.209459024E+02  -0.117148802E+04  -0.142476390E+05
  -0.265372376E+00   0.205255656E+02  -0.117554396E+04  -0.844606249E+04
  -0.258096934E+00   0.201041427E+02  -0.117756927E+04  -0.290928510E+04
  -0.250972506E+00   0.196823437E+02  -0.117766052E+04   0.235331956E+04
  -0.243999105E+00   0.192608435E+02  -0.117591726E+04   0.733460638E+04
  -0.237176507E+00   0.188402810E+02  -0.117244118E+04   0.120295910E+05
  -0.230504268E+00   0.184212583E+02  -0.116733540E+04   0.164353653E+05
  -0.223981735E+00   0.180043405E+02  -0.116070373E+04   0.205509983E+05
  -0.217608057E+00   0.175900554E+02  -0.115264995E+04   0.243774235E+05
  -0.211382203E+00   0.171788940E+02  -0.114327722E+04   0.279173147E+05
  -0.205302972E+00   0.167713101E+02  -0.113268743E+04   0.311749525E+05
  -0.199369007E+00   0.163677218E+02  -0.112098068E+04   0.341560829E+05
  -0.193578807E+00   0.159685114E+02  -0.110825476E+04   0.368677696E+05
  -0.187930740E+00   0.155740269E+02  -0.109460474E+04   0.393182433E+05
  -0.182423059E+00   0.151845826E+02  -0.108012252E+04   0.415167479E+05
  -0.177053905E+00   0.148004606E+02  -0.106489658E+04   0.434733873E+05
  -0.171821327E+00   0.144219121E+02  -0.104901160E+04   0.451989728E+05
  -0.166723288E+00   0.140491583E+02  -0.103254832E+04   0.467048738E+05
  -0.161757677E+00   0.136823927E+02  -0.101558331E+04   0.480028737E+05
  -0.156922320E+00   0.133217818E+02  -0.998188870E+03   0.491050306E+05
  -0.152214986E+00   0.129674671E+02  -0.980432965E+03   0.500235460E+05
  -0.147633399E+00   0.126195665E+02  -0.962379168E+03   0.507706419E+05
  -0.143175242E+00   0.122781761E+02  -0.944086695E+03   0.513584464E+05
  -0.138838172E+00   0.119433712E+02  -0.925610450E+03   0.517988900E+05
  -0.134619819E+00   0.116152086E+02  -0.907001112E+03   0.521036123E+05
  -0.130517796E+00   0.112937275E+02  -0.888305259E+03   0.522838798E+05
  -0.126529705E+00   0.109789510E+02  -0.869565510E+03   0.523505154E+05
  -0.122653145E+00   0.106708879E+02  -0.850820696E+03   0.523138384E+05
  -0.118885710E+00   0.103695335E+02  -0.832106051E+03   0.521836176E+05
  -0.115225002E+00   0.100748712E+02  -0.813453413E+03   0.519690339E+05
  -0.111668627E+00   0.978687360E+01  -0.794891444E+03   0.516786552E+05
  -0.108214206E+00   0.950550356E+01  -0.776445848E+03   0.513204211E+05
  -0.104859372E+00   0.923071520E+01  -0.758139597E+03   0.509016376E+05
  -0.101601779E+00   0.896245486E+01  -0.739993164E+03   0.504289811E+05
  -0.984390983E-01   0.870066199E+01  -0.722024738E+03   0.499085108E+05
  -0.953690262E-01   0.844526990E+01  -0.704250448E+03   0.493456889E+05
  -0.923892831E-01   0.819620646E+01  -0.686684569E+03   0.487454068E+05
  -0.894976159E-01   0.795339470E+01  -0.669339721E+03   0.481120181E+05
  -0.866918002E-01   0.771675345E+01  -0.652227057E+03   0.474493751E+05
  -0.839696413E-01   0.748619774E+01  -0.635356432E+03   0.467608702E+05
  -0.813289754E-01   0.726163930E+01  -0.618736566E+03   0.460494795E+05
  -0.787676709E-01   0.704298691E+01  -0.602375176E+03   0.453178078E+05
  -0.762836294E-01   0.683014676E+01  -0.586279108E+03   0.445681356E+05
  -0.738747866E-01   0.662302272E+01  -0.570454444E+03   0.438024647E+05
  -0.715391128E-01   0.642151659E+01  -0.554906590E+03   0.430225640E+05
  -0.692746139E-01   0.622552838E+01  -0.539640354E+03   0.422300132E+05
  -0.670793319E-01   0.603495643E+01  -0.524660006E+03   0.414262440E+05
  -0.649513455E-01   0.584969767E+01  -0.509969325E+03   0.406125788E+05
  -0.628887705E-01   0.566964776E+01  -0.495571629E+03   0.397902654E+05
  -0.608897603E-01   0.549470124E+01  -0.481469800E+03   0.389605084E+05
  -0.589525063E-01   0.532475170E+01  -0.467666289E+03   0.381244959E+05
  -0.570752380E-01   0.515969192E+01  -0.454163124E+03   0.372834219E+05
  -0.552562236E-01   0.499941405E+01  -0.440961900E+03   0.364385044E+05
  -0.534937698E-01   0.484380972E+01  -0.428063771E+03   0.355909982E+05
  -0.517862224E-01   0.469277025E+01  -0.415469432E+03   0.347422037E+05
  -0.501319661E-01   0.454618680E+01  -0.403179105E+03   0.338934713E+05
  -0.485294244E-01   0.440395051E+01  -0.391192517E+03   0.330462011E+05
  -0.469770601E-01   0.426595273E+01  -0.379508887E+03   0.322018393E+05
  -0.454733745E-01   0.413208518E+01  -0.368126910E+03   0.313618701E+05
  -0.440169077E-01   0.400224015E+01  -0.357044741E+03   0.305278056E+05
  -0.426062385E-01   0.387631067E+01  -0.346259994E+03   0.297011723E+05
  -0.412399834E-01   0.375419073E+01  -0.335769732E+03   0.288834954E+05
  -0.399167971E-01   0.363577548E+01  -0.325570479E+03   0.280762815E+05
  -0.386353712E-01   0.352096140E+01  -0.315658222E+03   0.272810002E+05
  -0.373944344E-01   0.340964651E+01  -0.306028432E+03   0.264990653E+05
  -0.361927516E-01   0.330173052E+01  -0.296676089E+03   0.257318153E+05
  -0.350291231E-01   0.319711504E+01  -0.287595706E+03   0.249804949E+05
  -0.339023843E-01   0.309570373E+01  -0.278781372E+03   0.242462373E+05
  -0.328114045E-01   0.299740242E+01  -0.270226793E+03   0.235300473E+05
  -0.317550865E-01   0.290211925E+01  -0.261925339E+03   0.228327873E+05
  -0.307323655E-01   0.280976481E+01  -0.253870099E+03   0.221551643E+05
  -0.297422083E-01   0.272025219E+01  -0.246053938E+03   0.214977202E+05
  -0.287836122E-01   0.263349707E+01  -0.238469559E+03   0.208608241E+05
  -0.278556045E-01   0.254941776E+01  -0.231109562E+03   0.202446684E+05
  -0.269572410E-01   0.246793525E+01  -0.223966513E+03   0.196492668E+05
  -0.260876055E-01   0.238897315E+01  -0.217033002E+03   0.190744567E+05
  -0.252458087E-01   0.231245775E+01  -0.210301709E+03   0.185199035E+05
  -0.244309870E-01   0.223831790E+01  -0.203765465E+03   0.179851083E+05
  -0.236423023E-01   0.216648502E+01  -0.197417306E+03   0.174694193E+05
  -0.228789400E-01   0.209689295E+01  -0.191250528E+03   0.169720443E+05
  -0.221401093E-01   0.202947788E+01  -0.185258731E+03   0.164920674E+05
  -0.214250415E-01   0.196417825E+01  -0.179435865E+03   0.160284661E+05
  -0.207329897E-01   0.190093459E+01  -0.173776263E+03   0.155801321E+05
  -0.200632281E-01   0.183968936E+01  -0.168274664E+03   0.151458917E+05
  -0.194150509E-01   0.178038688E+01  -0.162926238E+03   0.147245287E+05
  -0.187877720E-01   0.172297308E+01  -0.157726595E+03   0.143148072E+05
  -0.181807246E-01   0.166739540E+01  -0.152671786E+03   0.139154948E+05
  -0.175932603E-01   0.161360260E+01  -0.147758300E+03   0.135253854E+05
  -0.170247489E-01   0.156154465E+01  -0.142983052E+03   0.131433216E+05
  -0.164745777E-01   0.151117252E+01  -0.138343356E+03   0.127682162E+05
  -0.159421519E-01   0.146243810E+01  -0.133836902E+03   0.123990713E+05
  -0.154268932E-01   0.141529403E+01  -0.129461718E+03   0.120349967E+05
  -0.149282406E-01   0.136969361E+01  -0.125216129E+03   0.116752257E+05
  -0.144456495E-01   0.132559067E+01  -0.121098713E+03   0.113191277E+05
  -0.139785918E-01   0.128293956E+01  -0.117108243E+03   0.109662194E+05
  -0.135265556E-01   0.124169500E+01  -0.113243642E+03   0.106161719E+05
  -0.130890453E-01   0.120181208E+01  -0.109503919E+03   0.102688155E+05
  -0.126655812E-01   0.116324627E+01  -0.105888119E+03   0.992414093E+04
  -0.122556996E-01   0.112595335E+01  -0.102395257E+03   0.958229733E+04
  -0.118589524E-01   0.108988948E+01  -0.990242714E+02   0.924358746E+04
  -0.114749073E-01   0.105501122E+01  -0.957739628E+02   0.890845943E+04
  -0.111031473E-01   0.102127560E+01  -0.926429482E+02   0.857749569E+04
  -0.107432710E-01   0.988640178E+00  -0.896296137E+02   0.825139919E+04
  -0.103948916E-01   0.957063133E+00  -0.867320745E+02   0.793097707E+04
  -0.100576377E-01   0.926503379E+00  -0.839481407E+02   0.761712212E+04
  -0.973115214E-02   0.896920671E+00  -0.812752907E+02   0.731079240E+04
  -0.941509201E-02   0.868275732E+00  -0.787106509E+02   0.701298929E+04
  -0.910912837E-02   0.840530375E+00  -0.762509850E+02   0.672473450E+04
  -0.881294571E-02   0.813647641E+00  -0.738926907E+02   0.644704635E+04
  -0.852624151E-02   0.787591923E+00  -0.716318050E+02   0.618091579E+04
  -0.824872574E-02   0.762329099E+00  -0.694640187E+02   0.592728268E+04
  -0.798012033E-02   0.737826647E+00  -0.673846983E+02   0.568701260E+04
  -0.772015851E-02   0.714053757E+00  -0.653889173E+02   0.546087481E+04
  -0.746858427E-02   0.690981433E+00  -0.634714939E+02   0.524952166E+04
  -0.722515162E-02   0.668582573E+00  -0.616270362E+02   0.505346988E+04
  -0.698962392E-02   0.646832034E+00  -0.598499944E+02   0.487308415E+04
  -0.676177320E-02   0.625706683E+00  -0.581347171E+02   0.470856316E+04
  -0.654137939E-02   0.605185419E+00  -0.564755135E+02   0.455992860E+04
  -0.632822963E-02   0.585249176E+00  -0.548667175E+02   0.442701727E+04
  -0.612211751E-02   0.565880903E+00  -0.533027559E+02   0.430947633E+04
  -0.592284238E-02   0.547065519E+00  -0.517782154E+02   0.420676215E+04
  -0.573020866E-02   0.528789842E+00  -0.502879119E+02   0.411814247E+04
  -0.554402513E-02   0.511042496E+00  -0.488269560E+02   0.404270218E+04
  -0.536410438E-02   0.493813793E+00  -0.473908178E+02   0.397935244E+04
  -0.519026217E-02   0.477095594E+00  -0.459753864E+02   0.392684324E+04
  -0.502231690E-02   0.460881151E+00  -0.445770254E+02   0.388377904E+04
  -0.486008920E-02   0.445164923E+00  -0.431926213E+02   0.384863739E+04
  -0.470340147E-02   0.429942385E+00  -0.418196256E+02   0.381979025E+04
  -0.455207759E-02   0.415209820E+00  -0.404560880E+02   0.379552754E+04
  -0.440594268E-02   0.400964097E+00  -0.391006817E+02   0.377408285E+04
  -0.426482286E-02   0.387202445E+00  -0.377527187E+02   0.375366051E+04
  -0.412854526E-02   0.373922227E+00  -0.364121549E+02   0.373246392E+04
  -0.399693793E-02   0.361120705E+00  -0.350795855E+02   0.370872454E+04
  -0.386982999E-02   0.348794815E+00  -0.337562298E+02   0.368073095E+04
  -0.374705171E-02   0.336940951E+00  -0.324439054E+02   0.364685778E+04
  -0.362843481E-02   0.325554750E+00  -0.311449924E+02   0.360559369E+04
  -0.351381272E-02   0.314630906E+00  -0.298623878E+02   0.355556815E+04
  -0.340302096E-02   0.304162991E+00  -0.285994503E+02   0.349557647E+04
  -0.329589759E-02   0.294143298E+00  -0.273599371E+02   0.342460263E+04
  -0.319228369E-02   0.284562715E+00  -0.261479322E+02   0.334183948E+04
  -0.309202384E-02   0.275410622E+00  -0.249677688E+02   0.324670599E+04
  -0.299496672E-02   0.266674813E+00  -0.238239455E+02   0.313886114E+04
  -0.290096569E-02   0.258341456E+00  -0.227210386E+02   0.301821429E+04
  -0.280987932E-02   0.250395076E+00  -0.216636107E+02   0.288493158E+04
  -0.272157204E-02   0.242818586E+00  -0.206561188E+02   0.273943845E+04
  -0.263591469E-02   0.235593330E+00  -0.197028212E+02   0.258241798E+04
  -0.255278502E-02   0.228699180E+00  -0.188076861E+02   0.241480508E+04
  -0.247206827E-02   0.222114650E+00  -0.179743033E+02   0.223777655E+04
  -0.239365759E-02   0.215817050E+00  -0.172058000E+02   0.205273711E+04
  -0.231745443E-02   0.209782664E+00  -0.165047619E+02   0.186130149E+04
  -0.224336890E-02   0.203986959E+00  -0.158731620E+02   0.166527285E+04
  -0.217132001E-02   0.198404811E+00  -0.153122976E+02   0.146661788E+04
  -0.210123583E-02   0.193010765E+00  -0.148227364E+02   0.126743873E+04
  -0.203305356E-02   0.187779298E+00  -0.144042737E+02   0.106994233E+04
  -0.196671952E-02   0.182685103E+00  -0.140559004E+02   0.876407443E+03
  -0.190218901E-02   0.177703383E+00  -0.137757835E+02   0.689149995E+03
  -0.183942607E-02   0.172810144E+00  -0.135612595E+02   0.510487117E+03
  -0.177840315E-02   0.167982497E+00  -0.134088403E+02   0.342700496E+03
  -0.171910066E-02   0.163198944E+00  -0.133142322E+02   0.187999550E+03
  -0.166150641E-02   0.158439665E+00  -0.132723691E+02   0.484850293E+02
  -0.160561496E-02   0.153686789E+00  -0.132774568E+02  -0.738864342E+02
  -0.155142690E-02   0.148924639E+00  -0.133230318E+02  -0.177336234E+03
  -0.149894800E-02   0.144139963E+00  -0.134020297E+02  -0.260295637E+03
  -0.144818831E-02   0.139322134E+00  -0.135068668E+02  -0.321435041E+03
  -0.139916120E-02   0.134463324E+00  -0.136295297E+02  -0.359690169E+03
  -0.135188230E-02   0.129558633E+00  -0.137616749E+02  -0.374284751E+03
  -0.130636847E-02   0.124606194E+00  -0.138947353E+02  -0.364749303E+03
  -0.126263668E-02   0.119607233E+00  -0.140200328E+02  -0.330935658E+03
  -0.122070292E-02   0.114566084E+00  -0.141288955E+02  -0.273026976E+03
  -0.118058105E-02   0.109490169E+00  -0.142127770E+02  -0.191543009E+03
  -0.114228175E-02   0.104389929E+00  -0.142633778E+02  -0.873404844E+02
  -0.110581142E-02   0.992787182E-01  -0.142727646E+02   0.383914826E+02
  -0.107117118E-02   0.941726451E-01  -0.142334884E+02   0.184140932E+03
  -0.103835592E-02   0.890903844E-01  -0.141386973E+02   0.348087499E+03
  -0.100735342E-02   0.840529413E-01  -0.139822436E+02   0.528121605E+03
  -0.978143560E-03   0.790833813E-01  -0.137587838E+02   0.721868167E+03
  -0.950697624E-03   0.742065263E-01  -0.134638681E+02   0.926714562E+03
  -0.924977752E-03   0.694486197E-01  -0.130940204E+02   0.113984247E+04
  -0.900936482E-03   0.648369650E-01  -0.126468053E+02   0.135826320E+04
  -0.878516440E-03   0.603995435E-01  -0.121208830E+02   0.157885601E+04
  -0.857650169E-03   0.561646137E-01  -0.115160484E+02   0.179840894E+04
  -0.838260104E-03   0.521603005E-01  -0.108332571E+02   0.201366155E+04
  -0.820258694E-03   0.484141772E-01  -0.100746344E+02   0.222134899E+04
  -0.803548672E-03   0.449528470E-01  -0.924346875E+01   0.241824682E+04
  -0.788023482E-03   0.418015304E-01  -0.834418970E+01   0.260121586E+04
  -0.773567842E-03   0.389836626E-01  -0.738232902E+01   0.276724653E+04
  -0.760058455E-03   0.365205084E-01  -0.636446667E+01   0.291350196E+04
  -0.747364851E-03   0.344307981E-01  -0.529816146E+01   0.303735928E+04
  -0.735350358E-03   0.327303924E-01  -0.419186740E+01   0.313644846E+04
  -0.723873181E-03   0.314319780E-01  -0.305483658E+01   0.320868816E+04
  -0.712787593E-03   0.305448016E-01  -0.189700993E+01   0.325231806E+04
  -0.701945204E-03   0.300744440E-01  -0.728897049E+00   0.326592702E+04
  -0.691196310E-03   0.300226396E-01   0.438553240E+00   0.324847695E+04
  -0.680391294E-03   0.303871432E-01   0.159409003E+01   0.319932165E+04
  -0.669382071E-03   0.311616478E-01   0.272630330E+01   0.311822059E+04
  -0.658023546E-03   0.323357532E-01   0.382377085E+01   0.300534722E+04
  -0.646175079E-03   0.338949886E-01   0.487520724E+01   0.286129180E+04
  -0.633701931E-03   0.358208884E-01   0.586961270E+01   0.268705844E+04
  -0.620476674E-03   0.380911206E-01   0.679641998E+01   0.248405665E+04
  -0.606380543E-03   0.406796676E-01   0.764563719E+01   0.225408714E+04
  -0.591304717E-03   0.435570569E-01   0.840798457E+01   0.199932231E+04
  -0.575151509E-03   0.466906396E-01   0.907502327E+01   0.172228149E+04
  -0.557835444E-03   0.500449128E-01   0.963927449E+01   0.142580133E+04
  -0.539284221E-03   0.535818836E-01   0.100943271E+02   0.111300161E+04
  -0.519439531E-03   0.572614687E-01   0.104349324E+02   0.787247091E+03
  -0.498257731E-03   0.610419250E-01   0.106570842E+02   0.452105683E+03
  -0.475710358E-03   0.648803075E-01   0.107580841E+02   0.111303704E+03
  -0.451784470E-03   0.687329462E-01   0.107365894E+02  -0.231321319E+03
  -0.426482825E-03   0.725559381E-01   0.105926444E+02  -0.571869605E+03
  -0.399823870E-03   0.763056463E-01   0.103276937E+02  -0.906429180E+03
  -0.371841556E-03   0.799392021E-01   0.994457769E+01  -0.123112636E+04
  -0.342584977E-03   0.834150006E-01   0.944750953E+01  -0.154217596E+04
  -0.312117827E-03   0.866931856E-01   0.884203486E+01  -0.183593057E+04
  -0.280517690E-03   0.897361176E-01   0.813497373E+01  -0.210892816E+04
  -0.247875169E-03   0.925088165E-01   0.733434608E+01  -0.235793741E+04
  -0.214292853E-03   0.949793764E-01   0.644928139E+01  -0.258000015E+04
  -0.179884151E-03   0.971193439E-01   0.548991378E+01  -0.277247024E+04
  -0.144771995E-03   0.989040575E-01   0.446726390E+01  -0.293304846E+04
  -0.109087421E-03   0.100312942E+00   0.339310912E+01  -0.305981279E+04
  -0.729680674E-04   0.101329755E+00   0.227984371E+01  -0.315124390E+04
  -0.365565838E-04   0.101942782E+00   0.114033092E+01  -0.320624511E+04
   0.101797145E-08   0.102144975E+00  -0.122512273E-01  -0.322415698E+04
1 0.0d0 0.0d0 0.0d0
0.0d0 0.0d0 0.0d0 0.0d0
