6.010000000000000000e+02 0.000000000000000000e+00 2.999999999999999889e-01 2.999999999999999889e-01
3.643809839333521112e-03 2.012514216990679283e-01 2.721601021500121078e+02 -9.073621962707288330e+05
3.764051055161937547e-03 2.589759644153038498e-01 1.960555888735606445e+01 -1.769523142016309139e+05
3.894486586439318936e-03 2.632003864034147544e-01 2.111145052664463506e+01 1.088795433370488754e+05
4.030861884986625815e-03 2.853826520480710061e-01 5.438876480266859659e+01 -4.986662365468951612e+04
4.178289840921235385e-03 3.000820459736183166e-01 1.111510042846254542e+01 3.060885069261670287e+04
4.331956444898385147e-03 3.198051041651282511e-01 6.396922823775336298e+01 -1.508599850526871160e+04
4.497627248662402870e-03 3.373655312012323049e-01 8.900049690484788556e+00 1.644483890059162513e+04
4.669888540943000106e-03 3.578508001877352407e-01 7.092312494035179782e+01 -8.969976881507231155e+03
4.855206664199043787e-03 3.771172188102338563e-01 8.119223659957771844e+00 1.475011244227518910e+04
5.047523035765407937e-03 3.990980454807721567e-01 7.788827688239409497e+01 -8.239561235339730047e+03
5.254058669659239338e-03 4.199917321514050617e-01 7.661664896054498186e+00 1.546277991566414130e+04
5.468059623651638952e-03 4.437568461843387491e-01 8.539691586513620791e+01 -8.559724530864041299e+03
5.697561584374823997e-03 4.664092662848914328e-01 7.319837967870275186e+00 1.672515663868671982e+04
5.935059227835591013e-03 4.921775392695826312e-01 9.359858229955766262e+01 -9.130903417354362318e+03
6.189469474785351186e-03 5.167711408999439149e-01 7.053370550585484899e+00 1.819965252702176804e+04
6.452473405275665694e-03 5.447618325104520709e-01 1.025756496137103824e+02 -9.805302805816580076e+03
6.733942841636221359e-03 5.715020846594210946e-01 6.855157664089665204e+00 1.983228137726965360e+04
7.024676768471516120e-03 6.019497419431250052e-01 1.124026093143191645e+02 -1.056206449960934697e+04
7.335582874509756490e-03 6.310606526141980810e-01 6.723249262652291058e+00 2.162452621254359838e+04
7.656502587016217679e-03 6.642191348882047208e-01 1.231586559252443891e+02 -1.139976068501349073e+04
7.999468704255788265e-03 6.959445258546552715e-01 6.658279487216636205e+00 2.358469787489686860e+04
8.353282121569228710e-03 7.320892208254944356e-01 1.349283900854578917e+02 -1.232062585329258582e+04
8.731198627100790477e-03 7.666943736336339077e-01 6.662568038910848145e+00 2.572353684843896190e+04
9.120887690250132490e-03 8.061242207730745513e-01 1.478024078874285294e+02 -1.332941472863958916e+04
9.536935037252013830e-03 8.438975308154073041e-01 6.739685990686559158e+00 2.805682977677352028e+04
9.965779515304725236e-03 8.869376449534372986e-01 1.618800108762333139e+02 -1.443228644562582485e+04
1.042345366614101480e-02 9.281929795213693657e-01 6.893735875528512302e+00 3.059661531478154939e+04
1.089505723529710784e-02 9.751962829136495703e-01 1.772671461562389084e+02 -1.563136313346697716e+04
1.139819700867767543e-02 1.020275409724939353e+00 7.131686361067905544e+00 3.335654013232252328e+04
1.191651567608956880e-02 1.071625423856047865e+00 1.940777045824688400e+02 -1.693144683844372412e+04
1.246933272606528045e-02 1.120900281109425300e+00 7.461878177664106992e+00 3.635039812090522173e+04
1.303870562230933020e-02 1.177013389779641539e+00 2.124333177962297725e+02 -1.833646636273909826e+04
1.364581671414158426e-02 1.230888559143605399e+00 7.894830090387899624e+00 3.959317880639398936e+04
1.427099937397015295e-02 1.292216790545356098e+00 2.324646352921255641e+02 -1.984834388746228069e+04
1.493746145931599927e-02 1.351132625552259103e+00 8.444002819072414567e+00 4.309523311556142289e+04
1.562366199742819782e-02 1.418165900764339682e+00 2.543089238179840663e+02 -2.146685741963319015e+04
1.635500977780600038e-02 1.482601162802938299e+00 9.126754850846594991e+00 4.686870875361666549e+04
1.710792769645360506e-02 1.555870335607284272e+00 2.781115011903501681e+02 -2.319251336063654162e+04
1.791021412957895589e-02 1.626345088961733243e+00 9.963912612304705263e+00 5.092429125767794903e+04
1.873608199726526161e-02 1.706424578939136349e+00 3.040251029163061389e+02 -2.502304131433996372e+04
1.961592157877667733e-02 1.783503278388121727e+00 1.098062969930275123e+01 5.526817652166995686e+04
2.052154955612245368e-02 1.871013419774213871e+00 3.322084618914880139e+02 -2.694951092124835122e+04
2.148616432884536617e-02 1.955308449258609693e+00 1.220924540698299054e+01 5.990156140940578189e+04
2.247898782873131857e-02 2.050918118677269142e+00 3.628240199561909094e+02 -2.896338632815633900e+04
2.353625616733188985e-02 2.143092217243085518e+00 1.368806491239492829e+01 6.482490093569247983e+04
2.462438595546999690e-02 2.247521260608868587e+00 3.960386774202341371e+02 -3.104827263035392389e+04
2.578289405472142942e-02 2.348291283886440706e+00 1.546417683705653801e+01 7.002486113369325176e+04
2.697516936487393338e-02 2.462311752149982436e+00 4.320173761743012051e+02 -3.317897938001668081e+04
2.824426473768780477e-02 2.572451358474050931e+00 1.759626070128632591e+01 7.548355957175139338e+04
2.955030863590894438e-02 2.696889497145683379e+00 4.709220753830610988e+02 -3.532706365443067625e+04
3.094015583646355858e-02 2.817231496060431439e+00 2.015420630064228291e+01 8.117236864210665226e+04
3.237043247547749525e-02 2.952968201949375704e+00 5.129073625345266692e+02 -3.745068800520291552e+04
3.389207009041227125e-02 3.084407209165873187e+00 2.322330492626754861e+01 8.704497513245604932e+04
3.545794356701784805e-02 3.232377544271709535e+00 5.581130105167802640e+02 -3.949532463110028766e+04
3.712334173299479401e-02 3.375871416590817020e+00 2.690692726354152597e+01 9.303805741558829322e+04
3.883713540006006326e-02 3.537063110521234677e+00 6.066575259916667164e+02 -4.138981218193541281e+04
4.065925293851276046e-02 3.693634056449196734e+00 3.133075542583346262e+01 9.906416028590546921e+04
4.253430845378594616e-02 3.869084281763019550e+00 6.586276007926500142e+02 -4.304638015578617342e+04
4.452714813945821831e-02 4.039818095593848746e+00 3.664584371766731152e+01 1.050118900882422458e+05
4.657788240891060083e-02 4.230608523051212266e+00 7.140686197166920692e+02 -4.435506665293057449e+04
4.875654281700942533e-02 4.416653006617348609e+00 4.303335924076852592e+01 1.107334696620879695e+05
5.099850139716354674e-02 4.623901728262540090e+00 7.729690546870524486e+02 -4.517620217325678095e+04
5.337922288869726556e-02 4.826463251189358594e+00 5.071197166703334602e+01 1.160430135885304771e+05
5.582912767069512366e-02 5.051314495273546257e+00 8.352438103574880870e+02 -4.534731815825169906e+04
5.842933009949378281e-02 5.271650780947229720e+00 5.993962254124454603e+01 1.207121642897417769e+05
6.110511763818729514e-02 5.515260238021948425e+00 9.007170172760260130e+02 -4.466209748948877677e+04
6.394342626251615924e-02 5.754672628015779168e+00 7.102518338362970951e+01 1.244495907225250266e+05
6.686427474081478584e-02 6.018188165672791357e+00 9.690926078589562849e+02 -4.288272190303029492e+04
6.996053000901607255e-02 6.278006631918029434e+00 8.433133399246590045e+01 1.269182005426129326e+05
7.314686868856766500e-02 6.562545223087900226e+00 1.039935406713393604e+03 -3.973328714079875499e+04
7.652211571171982363e-02 6.844110824939678039e+00 1.002807065885455131e+02 1.277111835970571265e+05
7.999561320928123831e-02 7.150728187264475011e+00 1.112638306900465295e+03 -3.489404612499941140e+04
8.367206467624879740e-02 7.455368996588552122e+00 1.193623287077948447e+02 1.263547336184396408e+05
8.745558948615822503e-02 7.785023486527025582e+00 1.186393018197200263e+03 -2.799662056835088879e+04
9.145655627884635708e-02 8.114025240598722988e+00 1.421370623419317383e+02 1.222801504597826861e+05
9.557410308163855062e-02 8.467530518409590812e+00 1.260141057650790344e+03 -1.863574454924184829e+04
9.992388206311139665e-02 8.822094412199735558e+00 1.692417347253877438e+02 1.148908620379189961e+05
1.044004537714503245e-01 9.200072605103990497e+00 1.332564588525724275e+03 -6.386518352829385549e+03
1.091241701150785642e-01 9.581269686365221361e+00 2.013793599340472724e+02 1.034809626253582537e+05
1.139856099148217339e-01 9.984084510583807415e+00 1.402025569559203859e+03 9.228554052274674177e+03
1.191089981834475564e-01 1.039279682031225782e+01 2.393306899606993738e+02 8.731280132545670494e+04
1.243817598462128027e-01 1.082048810727433086e+01 1.466544586102723542e+03 2.863433990701800212e+04
1.299308787969201961e-01 1.125733206623485394e+01 2.839177260412671444e+02 6.567205552987661213e+04
1.356417230620096115e-01 1.170954217822688825e+01 1.523801754824951331e+03 5.222045030684070662e+04
1.416425948454479444e-01 1.217478758484297252e+01 3.359796327268265372e+02 3.781758335611596704e+04
1.478182049326548786e-01 1.265067291892256840e+01 1.571103591176923373e+03 8.032023438052786514e+04
1.542963650492241434e-01 1.314414439580802529e+01 3.963485407931894997e+02 3.114927519951481372e+03
1.609628691003781031e-01 1.364229443725908020e+01 1.605417180181760386e+03 1.131015895686903095e+05
1.679428261562450619e-01 1.416326091140251187e+01 4.657784127635539448e+02 -3.894205397290589463e+04
1.751252189492467637e-01 1.468160710253766865e+01 1.623396970088290573e+03 1.505453657617368735e+05
1.826298129670782533e-01 1.522865948233436484e+01 5.448825562941292446e+02 -8.861454789059050381e+04
1.903512697246924623e-01 1.576439388455899326e+01 1.621467697402332078e+03 1.923371896848739125e+05
1.984009311624250205e-01 1.633531519637992702e+01 6.340406433797228374e+02 -1.457856883353437297e+05
2.066820139343470697e-01 1.688482425567016776e+01 1.595955365492132842e+03 2.377315721953082830e+05
2.152939293934370002e-01 1.747645113967918107e+01 7.332516689345643499e+02 -2.098744471168387681e+05
2.241516850546012019e-01 1.803525690395701275e+01 1.543260854759529366e+03 2.855991518764249049e+05
2.333388761377139520e-01 1.864336121278750014e+01 8.420408734794067414e+02 -2.797869331198080909e+05
2.427858456219799121e-01 1.920609022304935820e+01 1.460045399330252621e+03 3.342558480271471199e+05
2.525561812770265036e-01 1.982525908793938285e+01 9.593038624776637562e+02 -3.536585249992392492e+05
2.625993334446758976e-01 2.038565838789566698e+01 1.343547404859497419e+03 3.813902851452786708e+05
2.729545114446010889e-01 2.100921043711620229e+01 1.083135571446456197e+03 -4.289123617691210238e+05
2.835941379508227778e-01 2.156018857027083158e+01 1.191868438101337915e+03 4.241853613822491607e+05
2.945286670911658189e-01 2.218013990613411934e+01 1.210735831733458326e+03 -5.022275220378643135e+05
3.057572849107881852e-01 2.271386636731671160e+01 1.004296962693678552e+03 4.592958743232530542e+05
3.172575241505868893e-01 2.332095043715600013e+01 1.338300826663764610e+03 -5.695660056733114179e+05
3.290588398313085139e-01 2.382900700825369356e+01 7.816429784343089295e+02 4.830442428136107628e+05
3.411021537132664649e-01 2.441278174981081861e+01 1.461001947525415517e+03 -6.264042404114194214e+05
3.534501620917376297e-01 2.488636230428622653e+01 5.264937221920490629e+02 4.916771813785107806e+05
3.660042572805024541e-01 2.543540929136208817e+01 1.573056226950535120e+03 -6.679788085519066080e+05
3.788625500274482860e-01 2.586557252334799983e+01 2.434024900243369416e+02 4.816906598228444345e+05
3.918850647433247958e-01 2.636780337344004366e+01 1.667906511976751517e+03 -6.896821205821763724e+05
4.052064317601447585e-01 2.674576483619336287e+01 -6.107048810329486344e+01 4.501999537400659174e+05
4.186448429470902566e-01 2.718882664904377577e+01 1.738509359013462472e+03 -6.875006121578253806e+05
4.323712388697747433e-01 2.750627650311512795e+01 -3.784655461780010910e+02 3.954321464429982007e+05
4.461631438017632512e-01 2.787806451502526173e+01 1.777782475280743029e+03 -6.585892760104881600e+05
4.602260906716744149e-01 2.812749027501438093e+01 -6.987742855355909342e+02 3.170725214534113184e+05
4.742998988860889775e-01 2.841671870787309473e+01 1.779131336784050291e+03 -6.016076407833127305e+05
4.886213608762700611e-01 2.859173004808830854e+01 -1.010903385900298304e+03 2.165834394915988669e+05
5.028974196423262599e-01 2.878855122987764759e+01 1.737026629885505145e+03 -5.173543585743587464e+05
5.173911656303475937e-01 2.888413338009453568e+01 -1.303461279905582160e+03 9.748663077412731946e+04
5.317832797142775236e-01 2.898073467708324813e+01 1.647693173285977991e+03 -4.085929041193164885e+05
5.463567081010435311e-01 2.899351272755231435e+01 -1.565454347943449420e+03 -3.507342252406291664e+04
5.607740423436679000e-01 2.898463536682024966e+01 1.509523306201017931e+03 -2.801326082941852510e+05
5.753304020830449783e-01 2.891303292594778540e+01 -1.787122380772459337e+03 -1.744043412732444704e+05
5.896796627126175139e-01 2.879637230530578762e+01 1.323462209317965289e+03 -1.386166079111471772e+05
6.041205614503545318e-01 2.864068507268607888e+01 -1.960718668682966836e+03 -3.127069545452129096e+05
6.183083494217219700e-01 2.841713203000812271e+01 1.093242683397166275e+03 8.127270567201077938e+03
6.325364260044409326e-01 2.817954968301823371e+01 -2.081080373745582165e+03 -4.419723580992836505e+05
6.464716582874020512e-01 2.785322122232979680e+01 8.252461319080409794e+02 1.517828528951872140e+05
6.603932624493191739e-01 2.753774784497677786e+01 -2.146022559957435988e+03 -5.548121707525905222e+05
6.739895095767757249e-01 2.711577760671926640e+01 5.280834154247274910e+02 2.844895312152924016e+05
6.875172093608491464e-01 2.672808549469932871e+01 -2.156287081272206706e+03 -6.447330819972008467e+05
7.006948415707602296e-01 2.622031388919624462e+01 2.121805495568123376e+02 3.990256015660222620e+05
7.137496699588972149e-01 2.576750510528311722e+01 -2.115610110118584089e+03 -7.073074973451541737e+05
7.264376755531259944e-01 2.518586967508601759e+01 -1.111251233697860243e+02 4.903703502550050616e+05
7.389509129363682760e-01 2.467623887703054208e+01 -2.029943403240619318e+03 -7.401736624070806429e+05
7.510883362197188218e-01 2.403418825166653150e+01 -4.303100794310235528e+02 5.552145630058879033e+05
7.630028311009848796e-01 2.347690099530128904e+01 -1.907051014256325516e+03 -7.433302557107158937e+05
7.745397533379475563e-01 2.278866334416239781e+01 -7.345829819094990398e+02 5.924690449661221355e+05
7.858106664236127470e-01 2.219340063685085696e+01 -1.755720508603618100e+03 -7.185628902375269681e+05
7.967086987093157102e-01 2.147334575641819043e+01 -1.014357476641024164e+03 6.031355475948380772e+05
8.073037373818009454e-01 2.085002030241984983e+01 -1.585020644723836767e+03 -6.697801168631360633e+05
8.175360876341778438e-01 2.011201109232165507e+01 -1.262047408576716862e+03 5.898453282435513102e+05
8.274352188426575827e-01 1.947039801286513594e+01 -1.403696927833983182e+03 -6.016588947719488060e+05
8.369863113826357948e-01 1.872731877180032356e+01 -1.472117806671090875e+03 5.563678622780011501e+05
8.461810654030063050e-01 1.807678943917632353e+01 -1.219665522585648887e+03 -5.196241228499840945e+05
8.550458303590107167e-01 1.734015949901447939e+01 -1.641298544123693091e+03 5.070442044064202346e+05
8.635382624152848630e-01 1.668939732409271315e+01 -1.039767605071425578e+03 -4.291651896903568413e+05
8.717211212704070178e-01 1.596909855382161325e+01 -1.768426117228041221e+03 4.468511157289217226e+05
8.795225243280563321e-01 1.532595818709329905e+01 -8.693514924580349543e+02 -3.357425975449848920e+05
8.870362127719587653e-01 1.463010806453783630e+01 -1.854361566300251525e+03 3.805065800177585334e+05
8.941656939543433102e-01 1.400145579613682401e+01 -7.122752392401843053e+02 -2.438262032189434394e+05
9.010299674988693219e-01 1.333643053600962425e+01 -1.901519296890822488e+03 3.118518493145923130e+05
9.075129838298492402e-01 1.272802336262506273e+01 -5.711823946136588575e+02 -1.570241262802728452e+05
9.137532612176202385e-01 1.209849043821347259e+01 -1.913501178826787736e+03 2.443533641907069832e+05
9.196201481864365590e-01 1.151497113684230733e+01 -4.474267744809512806e+02 -7.785560968631412834e+04
9.252661978658425213e-01 1.092408288421864526e+01 -1.894597179160476571e+03 1.804930725524118170e+05
9.305508200134462449e-01 1.036900188074821294e+01 -3.414618538074921048e+02 -8.327156482579186559e+03
9.356355183909592643e-01 9.818495180376039855e+00 -1.849675597891838834e+03 1.223450409897323698e+05
9.403739916736630899e-01 9.294362438245219238e+00 -2.528152288664070682e+02 5.082674217016249895e+04
9.449321890321357165e-01 8.784840601732200938e+00 -1.783615095119591615e+03 7.071100696310028434e+04
9.491617969840391300e-01 8.293180683831199218e+00 -1.806308869333555549e+02 9.943528157574124634e+04
9.532293006372953847e-01 7.824257432285109282e+00 -1.701157045856047489e+03 2.629616231519635767e+04
9.569875349467336090e-01 7.365756791114196567e+00 -1.235461662471387569e+02 1.378883932807734236e+05
9.606002598745828625e-01 6.936299212796031455e+00 -1.606700936314834962e+03 -1.111307819101680070e+04
9.639240523667730320e-01 6.510875886607974117e+00 -8.015907101525478140e+01 1.668864908745959401e+05
9.671172843011593967e-01 6.119123544959002459e+00 -1.504219550876758831e+03 -4.154457267890777439e+04
9.700423561571384079e-01 5.726097752819388376e+00 -4.880210226147328711e+01 1.874336123637277633e+05
9.728501869338691543e-01 5.369881824191776509e+00 -1.397174255144478593e+03 -6.591810238232044503e+04
9.754105749601628128e-01 5.008022034289003166e+00 -2.803489008044489594e+01 2.008420702517279424e+05
9.778654263959981607e-01 4.684862844409828142e+00 -1.288411525207420482e+03 -8.487379900224087760e+04
9.800931073899646906e-01 4.352545141619178715e+00 -1.642919436998647242e+01 2.082873000199832022e+05
9.822253987143558795e-01 4.059784656211352427e+00 -1.180241086164832495e+03 -9.925276682216487825e+04
9.841500430287106749e-01 3.755076123954146361e+00 -1.276080234285251436e+01 2.107341194314826280e+05
9.859879420557463581e-01 3.489917412819235842e+00 -1.074576636617957320e+03 -1.096970136225149035e+05
9.876367221923676443e-01 3.210659045667628053e+00 -1.586103685390930274e+01 2.094525279922358459e+05
9.892059826255096278e-01 2.970307164810004341e+00 -9.727772742584251091e+02 -1.173169241895621817e+05
9.906034942803821908e-01 2.714157336695242950e+00 -2.492769072145711462e+01 2.054152455604081042e+05
9.919273432613255892e-01 2.495804625527505483e+00 -8.758155842426375557e+02 -1.225739179573473521e+05
9.930955455101065921e-01 2.260346942653404412e+00 -3.919354641502274461e+01 1.992852921075858176e+05
9.941946453375407611e-01 2.061226380045372064e+00 -7.844039142216673781e+02 -1.260972303471770138e+05
9.951528582429814973e-01 1.843985550789145833e+00 -5.805844925340248608e+01 1.919142122508427128e+05
9.960452968022809328e-01 1.661418158999171224e+00 -6.989306267424948373e+02 -1.287198937811593059e+05
9.968102325177328193e-01 1.459865240361548855e+00 -8.122277025342688717e+01 1.839794368736485485e+05
9.975115208883793549e-01 1.291237539614806140e+00 -6.195083204891066089e+02 -1.306640161931046750e+05
9.980973195464569736e-01 1.102882065992700555e+00 -1.083809370632237119e+02 1.757276270399896894e+05
9.986204446387432210e-01 9.456554982424453248e-01 -5.462047005542932538e+02 -1.324247723579744343e+05
9.990387245954485129e-01 7.679952333757744665e-01 -1.394257416365745428e+02 1.677026349518048810e+05
9.993941730762520015e-01 6.197165706803096086e-01 -4.788545181364502810e+02 -1.342846729421861237e+05
9.996540883328343119e-01 4.502903538647162196e-01 -1.743215016554163981e+02 1.600614967038889881e+05
9.998499016548991758e-01 3.085694687571061690e-01 -4.172733611764725765e+02 -1.364743721135038650e+05
9.999581921019800035e-01 1.449373162199968923e-01 -2.131372689779064729e+02 1.529413878151858225e+05
1.000000000000000000e+00 7.425221189248190114e-03 -3.612542889407741313e+02 -1.391767457330491743e+05
9.999610225210803227e-01 -1.528387704404682856e-01 -2.559756960365991461e+02 1.467350327648550156e+05
9.998520765077835160e-01 -2.884058186257973388e-01 -3.104137741505302301e+02 -1.427202965849080356e+05
9.996678647936788620e-01 -4.477052384715866085e-01 -3.031143727353722852e+02 1.413140933821384679e+05
9.994090668707568126e-01 -5.836009927658863949e-01 -2.644985431207534816e+02 -1.470446907649853965e+05
9.990793290270210125e-01 -7.443370375171576292e-01 -3.547920056261581863e+02 1.367988723330876674e+05
9.986692364702828284e-01 -8.828065238924424074e-01 -2.231649484459489372e+02 -1.521492305185385048e+05
9.981913789429812667e-01 -1.047353406655264996e+00 -4.112619462079221080e+02 1.329784062504833564e+05
9.976262234429738029e-01 -1.190659563664032250e+00 -1.862175486639912947e+02 -1.580799957916489802e+05
9.969953390557965145e-01 -1.361422289915572792e+00 -4.728345043584577070e+02 1.299062280128990533e+05
9.962690003994526533e-01 -1.511843590224241973e+00 -1.533923691339196864e+02 -1.645938390795181040e+05
9.954778587834048897e-01 -1.691199405692269453e+00 -5.397167865538074238e+02 1.271754351330746431e+05
9.945818696391984792e-01 -1.851064672636319353e+00 -1.246434160751724676e+02 -1.716141831002987456e+05
9.936208837365161362e-01 -2.041431318254940397e+00 -6.121136328500779200e+02 1.249002194904964417e+05
9.925443913732223677e-01 -2.213084144331249004e+00 -9.983307922717368399e+01 -1.791246737736947834e+05
9.914015982967528950e-01 -2.416895812433061508e+00 -6.902596952804061630e+02 1.227221010223131161e+05
9.901313358725200020e-01 -2.602758046729180652e+00 -7.895970980394470473e+01 -1.865235137761846127e+05
9.887923514467515940e-01 -2.822421061449420510e+00 -7.741424248972739406e+02 1.200755763809954515e+05
9.873126260462128378e-01 -3.024984320810937266e+00 -6.223724331514300445e+01 -1.934439928152188659e+05
9.857606065260351436e-01 -3.262912913757757494e+00 -8.636211007644832307e+02 1.168283396766246296e+05
9.840532752345353407e-01 -3.484691875850022047e+00 -4.986853615532668016e+01 -1.996571229323823936e+05
9.822689053423515615e-01 -3.743287729123788488e+00 -9.584991072841075948e+02 1.125321129351602867e+05
9.803133656756367609e-01 -3.986857232304349186e+00 -4.218984834484562185e+01 -2.043992019453695975e+05
9.782748394607461151e-01 -4.268446694837386701e+00 -1.058259580158554627e+03 1.065018575996365398e+05
9.760480556833159849e-01 -4.536419441802927999e+00 -3.975798140450579155e+01 -2.070170268111410551e+05
9.737310836996441177e-01 -4.843252543957570211e+00 -1.162125394860230472e+03 9.837136143486853689e+04
9.712076298911446193e-01 -5.138213355156882933e+00 -4.315101519673263653e+01 -2.068266216816999950e+05
9.685855014042576983e-01 -5.472392465037144049e+00 -1.269045162626119918e+03 8.741651869659032673e+04
9.657376619477344715e-01 -5.796895778428960533e+00 -5.316116198576374074e+01 -2.029003338388493285e+05
9.627813310676263114e-01 -6.160327951539112945e+00 -1.377575706533959192e+03 7.300155321177095175e+04
9.595792442041697345e-01 -6.516824970441984277e+00 -7.068148153928818545e+01 -1.942277963293823414e+05
9.562574877953730068e-01 -6.911133708069638004e+00 -1.485841660002833351e+03 5.431391129251290113e+04
9.526693681338187503e-01 -7.301918387058202065e+00 -9.680292371908986127e+01 -1.797565019194837660e+05
9.489490059325274007e-01 -7.728378406934477418e+00 -1.591487885185036703e+03 3.083474529219698161e+04
9.449414411290592009e-01 -8.155463529276504531e+00 -1.326384887373087054e+02 -1.585958693586234003e+05
9.407876635262374387e-01 -8.614904776860925040e+00 -1.691741017765550851e+03 2.029936659204773605e+03
9.363260114522395927e-01 -9.079933346808862993e+00 -1.793670043046544720e+02 -1.298949706822764128e+05
9.317027958020938083e-01 -9.572656528324127834e+00 -1.783402939621903215e+03 -3.242158506821747869e+04
9.267516750225242017e-01 -1.007677512624120375e+01 -2.381087504508999189e+02 -9.286916592232696712e+04
9.216223191872711107e-01 -1.060243041565260924e+01 -1.862827305654232077e+03 -7.264794743644725531e+04
9.161462286382164866e-01 -1.114613740037511214e+01 -3.098743655032274660e+02 -4.713273464584909379e+04
9.104740161246082097e-01 -1.170364555220055536e+01 -1.926103907831911101e+03 -1.184807270462289453e+05
9.044380576716674058e-01 -1.228666105967113964e+01 -3.954524836181253704e+02 7.586934141378849745e+03
8.981870400038109992e-01 -1.287409166742808608e+01 -1.969011644264176539e+03 -1.693134281128831208e+05
8.915577797699708595e-01 -1.349516571318380187e+01 -4.952865594954043331e+02 7.066232304647658020e+04
8.846937048093714839e-01 -1.410971162533564005e+01 -1.987448898479640093e+03 -2.239593893658043817e+05
8.774401110653584634e-01 -1.476650176536001347e+01 -6.092809931098581728e+02 1.412086327300164849e+05
8.699314470340600014e-01 -1.540438677701736481e+01 -1.977416504273512373e+03 -2.806807763174986467e+05
8.620259453249881076e-01 -1.609328129281859532e+01 -7.366762499434510119e+02 2.171429315388423274e+05
8.538450220650070088e-01 -1.674980305955568838e+01 -1.935577443299031984e+03 -3.368565839905813336e+05
8.452645790479530463e-01 -1.746581423708807179e+01 -8.757349523152109896e+02 2.959311901929234155e+05
8.363887914877264906e-01 -1.813531068157999115e+01 -1.859390769168229781e+03 -3.897481319962986745e+05
8.271160490134321641e-01 -1.887204263348227329e+01 -1.023870879601835099e+03 3.742457740725269541e+05
8.175290630268419179e-01 -1.954800715508553210e+01 -1.747497100848571336e+03 -4.358729543758588843e+05
8.075534100144032834e-01 -2.029764462372650158e+01 -1.177381501527609316e+03 4.481823118762655649e+05
7.972463347837178693e-01 -2.097281533832190448e+01 -1.599945380360341915e+03 -4.715459701998258242e+05
7.865649144956828875e-01 -2.172619686186998322e+01 -1.331522002949205444e+03 5.131585603934630635e+05
7.755373719936683452e-01 -2.239276409394536671e+01 -1.418589608972229826e+03 -4.929536430453531211e+05
7.641559098678281092e-01 -2.313957772460591400e+01 -1.480539548585139528e+03 5.645507379723459017e+05
7.524169033633549830e-01 -2.378939220200272686e+01 -1.207147120834729776e+03 -4.965943800190319307e+05
7.403503171199885546e-01 -2.451844640776435469e+01 -1.617862995484605563e+03 5.978861007069856860e+05
7.279188436778553095e-01 -2.514328107433034987e+01 -9.712769079766779896e+02 -4.797287456606004853e+05
7.151915615325277198e-01 -2.584290608125676059e+01 -1.736456972707334444e+03 6.094650185990449972e+05
7.020968751969763888e-01 -2.643473258750446320e+01 -7.183539211460142724e+02 -4.405934077515983954e+05
6.887428191124972399e-01 -2.709322518438654370e+01 -1.829192290030789991e+03 5.964967084666159935e+05
6.750243112783432808e-01 -2.764452124181226367e+01 -4.572783139617331472e+02 -3.789397830091789365e+05
6.610864926191797331e-01 -2.825071318378839536e+01 -1.889419583424919210e+03 5.578986632053283975e+05
6.467931130280734076e-01 -2.875473890111250341e+01 -1.978471799508587310e+02 -2.960680657468875870e+05
6.323228430097997954e-01 -2.929852702348861015e+01 -1.911450758094026469e+03 4.941865517675755545e+05
6.175120948677048638e-01 -2.974959093995846615e+01 4.975991553157514602e+01 -1.950355684288125485e+05
6.025678169792152428e-01 -3.022249983461689027e+01 -1.891175015173768998e+03 4.076101794692231342e+05
5.873043070544871069e-01 -3.061622354519585798e+01 2.756312086980003642e+02 -8.017739044952671975e+04
5.719500658084403222e-01 -3.101186061315451781e+01 -1.826304483761789015e+03 3.023225708007691428e+05
5.563037052135972882e-01 -3.134529705359893370e+01 4.709136580112197521e+02 4.258180312577076256e+04
5.406073780316962285e-01 -3.165973769268436655e+01 -1.716919876015705995e+03 1.836578631726475433e+05
5.246512911107458210e-01 -3.193155207730178446e+01 6.282658305826944343e+02 1.668997796124853194e+05
5.086825881290045759e-01 -3.216356134575196535e+01 -1.565378726290329496e+03 5.798991672966815531e+04
4.924908481221635381e-01 -3.237405202862677100e+01 7.424245984560438956e+02 2.860931607089443132e+05
4.763192438077195612e-01 -3.252514783153525002e+01 -1.376312847268648056e+03 -6.796728543535061181e+04
4.599645680815744320e-01 -3.267623784407620491e+01 8.104382068315727565e+02 3.938576312856348231e+05
4.436572431375825354e-01 -3.275059905577252550e+01 -1.156340071797206519e+03 -1.876265868785344064e+05
4.272087635421826790e-01 -3.284574400584811116e+01 8.317948866760236797e+02 4.847887952952170745e+05
4.108286726622823459e-01 -3.284995178299341489e+01 -9.136314836502032222e+02 -2.952770654203062877e+05
3.943499049506746235e-01 -3.289401480104767472e+01 8.082300248247039463e+02 5.549302952780975029e+05
3.779540477032806156e-01 -3.283666778118888629e+01 -6.572814756239364442e+02 -3.863440675344797783e+05
3.615011590661918461e-01 -3.283571111634608286e+01 7.434512522313282261e+02 6.017733392995679751e+05
3.451391448265520023e-01 -3.272696761187814474e+01 -3.967600979224761204e+02 -4.576210234550330788e+05
3.287595853380989031e-01 -3.268801509898158031e+01 6.427443431154285918e+02 6.244692998251635581e+05
3.124725367700570966e-01 -3.253907037785482714e+01 -1.412917319061741921e+02 -5.074459797478127293e+05
2.962040859456401276e-01 -3.246984147280983990e+01 5.124637942091462719e+02 6.236313257283954881e+05
2.800239087870050048e-01 -3.229241622447552373e+01 1.006476886800625721e+02 -5.354427996483501047e+05
2.638941420385413350e-01 -3.220102733576597132e+01 3.596157168593849178e+02 6.010514087664363906e+05
2.478431753062657616e-01 -3.200687513158313635e+01 3.217028036998460720e+02 -5.424321452986963559e+05
2.318693433562868389e-01 -3.190155307656333150e+01 1.914066688538817687e+02 5.594228843953306787e+05
2.159603662849425287e-01 -3.170202761654083190e+01 5.159071593260459849e+02 -5.300332585254277801e+05
2.001496504546058930e-01 -3.159081613149766454e+01 1.492812754471790448e+01 5.018389018513991032e+05
1.843862229601515856e-01 -3.139651639636263880e+01 6.787742582094465433e+02 -5.001197555797649547e+05
1.687363227862578863e-01 -3.128697608849272882e+01 -1.630275349964723546e+02 4.309061452199904597e+05
1.531134194990586561e-01 -3.110752719750279383e+01 8.071367779494975139e+02 -4.533297068604747765e+05
1.376134138226687009e-01 -3.100634101623338523e+01 -3.357995059002087146e+02 3.457808567994874902e+05
1.221183040774747458e-01 -3.085052903126870660e+01 8.983623507121859575e+02 -3.824402837613467127e+05
1.067497365562898592e-01 -3.076245935011160526e+01 -4.952976525994621397e+02 2.269913980503799394e+05
9.136306535871956125e-02 -3.064001525506561308e+01 9.463662637729173639e+02 -2.375018300757855177e+05
7.610119626359318490e-02 -3.056323789798401336e+01 -6.231297262388457057e+02 -4.397651958353817463e+04
6.079822268821123699e-02 -3.049517884621443997e+01 9.205963408602702884e+02 2.587883709340551868e+05
4.561340535294459292e-02 -3.039637183394169639e+01 -6.359344131475530730e+02 -1.068005085604928434e+06
3.036535566542776510e-02 -3.048451586248556211e+01 4.929930999323697165e+02 1.447612525918256957e+06
1.517820539968598240e-02 -3.032076955307934085e+01 -6.842423546513973065e+01 -1.317383951973622432e+06
-0.000000000000000000e+00 -3.038332037516136452e+01 2.012331058878592430e-11 8.639646823821378639e+05
-1.517820539968598240e-02 -3.032076955307934440e+01 6.842423546507457388e+01 -1.317383951973643852e+06
-3.036535566542776510e-02 -3.048451586248557277e+01 -4.929930999322951379e+02 1.447612525918547995e+06
-4.561340535294459292e-02 -3.039637183394166442e+01 6.359344131476098028e+02 -1.068005085605341475e+06
-6.079822268821123699e-02 -3.049517884621443642e+01 -9.205963408604209235e+02 2.587883709340617061e+05
-7.610119626359318490e-02 -3.056323789798404533e+01 6.231297262388694662e+02 -4.397651958335377276e+04
-9.136306535871956125e-02 -3.064001525506562373e+01 -9.463662637728460822e+02 -2.375018300752034411e+05
-1.067497365562898592e-01 -3.076245935011150934e+01 4.952976525996636497e+02 2.269913980489308015e+05
-1.221183040774747458e-01 -3.085052903126874924e+01 -8.983623507126477534e+02 -3.824402837593280710e+05
-1.376134138226687009e-01 -3.100634101623325733e+01 3.357995059008560474e+02 3.457808567955424078e+05
-1.531134194990586561e-01 -3.110752719750308160e+01 -8.071367779507245359e+02 -4.533297068512979895e+05
-1.687363227862578863e-01 -3.128697608849171630e+01 1.630275350016567018e+02 4.309061452144570649e+05
-1.843862229601515856e-01 -3.139651639636148772e+01 -6.787742582142392394e+02 -5.001197555876180995e+05
-2.001496504546058930e-01 -3.159081613149794165e+01 -1.492812754422458532e+01 5.018389018607283942e+05
-2.159603662849425287e-01 -3.170202761654083190e+01 -5.159071593264050080e+02 -5.300332585282907821e+05
-2.318693433562868389e-01 -3.190155307656341677e+01 -1.914066688535312153e+02 5.594228843965956476e+05
-2.478431753062657616e-01 -3.200687513158312214e+01 -3.217028036999514597e+02 -5.424321452993713319e+05
-2.638941420385413350e-01 -3.220102733576595710e+01 -3.596157168592582138e+02 6.010514087665288243e+05
-2.800239087870050048e-01 -3.229241622447552373e+01 -1.006476886802165183e+02 -5.354427996483356692e+05
-2.962040859456401276e-01 -3.246984147280981148e+01 -5.124637942088075988e+02 6.236313257295181975e+05
-3.124725367700570966e-01 -3.253907037785461398e+01 1.412917319062121067e+02 -5.074459797511666548e+05
-3.287595853380989031e-01 -3.268801509898179347e+01 -6.427443431166553864e+02 6.244692998280641623e+05
-3.451391448265520023e-01 -3.272696761187825132e+01 3.967600979239233538e+02 -4.576210234548184089e+05
-3.615011590661918461e-01 -3.283571111634601181e+01 -7.434512522322637551e+02 6.017733392975642346e+05
-3.779540477032806156e-01 -3.283666778118899288e+01 6.572814756246068555e+02 -3.863440675313398242e+05
-3.943499049506746235e-01 -3.289401480104741893e+01 -8.082300248245119292e+02 5.549302952743014321e+05
-4.108286726622823459e-01 -3.284995178299348595e+01 9.136314836491611686e+02 -2.952770654185460880e+05
-4.272087635421826790e-01 -3.284574400584821774e+01 -8.317948866752121830e+02 4.847887952956780791e+05
-4.436572431375825354e-01 -3.275059905577253261e+01 1.156340071796729490e+03 -1.876265868787569925e+05
-4.599645680815744320e-01 -3.267623784407615517e+01 -8.104382068308696034e+02 3.938576312854047865e+05
-4.763192438077195612e-01 -3.252514783153520739e+01 1.376312847267873394e+03 -6.796728543600440025e+04
-4.924908481221635381e-01 -3.237405202862684916e+01 -7.424245984555573159e+02 2.860931607104856521e+05
-5.086825881290045759e-01 -3.216356134575188008e+01 1.565378726290250370e+03 5.798991672832425684e+04
-5.246512911107458210e-01 -3.193155207730179868e+01 -6.282658305829928622e+02 1.668997796116033569e+05
-5.406073780316962285e-01 -3.165973769268461524e+01 1.716919876015483169e+03 1.836578631766550243e+05
-5.563037052135972882e-01 -3.134529705359867435e+01 -4.709136580095852764e+02 4.258180312221869826e+04
-5.719500658084403222e-01 -3.101186061315441478e+01 1.826304483759788582e+03 3.023225708003072068e+05
-5.873043070544871069e-01 -3.061622354519601430e+01 -2.756312086967462278e+02 -8.017739044640865177e+04
-6.025678169792152428e-01 -3.022249983461675171e+01 1.891175015173105976e+03 4.076101794652277604e+05
-6.175120948677048638e-01 -2.974959093995869708e+01 -4.975991553164988090e+01 -1.950355684239333495e+05
-6.323228430097997954e-01 -2.929852702348833304e+01 1.911450758095507808e+03 4.941865517649110407e+05
-6.467931130280734076e-01 -2.875473890111226893e+01 1.978471799490066587e+02 -2.960680657517742366e+05
-6.610864926191797331e-01 -2.825071318378906327e+01 1.889419583424474013e+03 5.578986632159864530e+05
-6.750243112783432808e-01 -2.764452124181186576e+01 4.572783139649139912e+02 -3.789397830167249776e+05
-6.887428191124972399e-01 -2.709322518438644067e+01 1.829192290027017179e+03 5.964967084661759436e+05
-7.020968751969763888e-01 -2.643473258750480781e+01 7.183539211484575162e+02 -4.405934077467168681e+05
-7.151915615325277198e-01 -2.584290608125659716e+01 1.736456972706298529e+03 6.094650185963804834e+05
-7.279188436778553095e-01 -2.514328107433015447e+01 9.712769079779357071e+02 -4.797287456619367003e+05
-7.403503171199885546e-01 -2.451844640776446838e+01 1.617862995482221777e+03 5.978861007069072220e+05
-7.524169033633549830e-01 -2.378939220200305371e+01 1.207147120836830936e+03 -4.965943800123231485e+05
-7.641559098678281092e-01 -2.313957772460538820e+01 1.480539548584568820e+03 5.645507379564669682e+05
-7.755373719936683452e-01 -2.239276409394686240e+01 1.418589608967227377e+03 -4.929536430311664008e+05
-7.865649144956828875e-01 -2.172619686187083587e+01 1.331522002956042570e+03 5.131585603970101220e+05
-7.972463347837178693e-01 -2.097281533832128275e+01 1.599945380358084321e+03 -4.715459702118217247e+05
-8.075534100144032834e-01 -2.029764462372668632e+01 1.177381501528216404e+03 4.481823118833224289e+05
-8.175290630268419179e-01 -1.954800715508536157e+01 1.747497100848647278e+03 -4.358729543780903332e+05
-8.271160490134321641e-01 -1.887204263348206013e+01 1.023870879602056448e+03 3.742457740720789880e+05
-8.363887914877264906e-01 -1.813531068157983839e+01 1.859390769167964436e+03 -3.897481319943233393e+05
-8.452645790479530463e-01 -1.746581423708769165e+01 8.757349523157805606e+02 2.959311901875589974e+05
-8.538450220650070088e-01 -1.674980305955599036e+01 1.935577443296824868e+03 -3.368565839827503078e+05
-8.620259453249881076e-01 -1.609328129281815123e+01 7.366762499476634503e+02 2.171429315347410738e+05
-8.699314470340600014e-01 -1.540438677701698467e+01 1.977416504268669541e+03 -2.806807763251480646e+05
-8.774401110653584634e-01 -1.476650176536102599e+01 6.092809931111559081e+02 1.412086327468059026e+05
-8.846937048093714839e-01 -1.410971162533503609e+01 1.987448898482122786e+03 -2.239593893813570030e+05
-8.915577797699708595e-01 -1.349516571318428859e+01 4.952865594905661055e+02 7.066232305507827550e+04
-8.981870400038109992e-01 -1.287409166742817845e+01 1.969011644269950239e+03 -1.693134281119937077e+05
-9.044380576716674058e-01 -1.228666105967063160e+01 3.954524836140544721e+02 7.586934133829548955e+03
-9.104740161246082097e-01 -1.170364555220087865e+01 1.926103907833761241e+03 -1.184807270404566079e+05
-9.161462286382164866e-01 -1.114613740037525069e+01 3.098743655015250056e+02 -4.713273464718274772e+04
-9.216223191872711107e-01 -1.060243041565268385e+01 1.862827305656452154e+03 -7.264794743467122316e+04
-9.267516750225242017e-01 -1.007677512624091598e+01 2.381087504497895395e+02 -9.286916592454724014e+04
-9.317027958020938083e-01 -9.572656528323944869e+00 1.783402939622643544e+03 -3.242158506999444216e+04
-9.363260114522395927e-01 -9.079933346809131223e+00 1.793670043025082919e+02 -1.298949706791676581e+05
-9.407876635262374387e-01 -8.614904776861017410e+00 1.691741017768215443e+03 2.029936660093255341e+03
-9.449414411290592009e-01 -8.155463529276238077e+00 1.326384887357542084e+02 -1.585958693617312238e+05
-9.489490059325274007e-01 -7.728378406934431233e+00 1.591487885186146741e+03 3.083474529441911727e+04
-9.526693681338187503e-01 -7.301918387058026205e+00 9.680292371812774377e+01 -1.797565019217021763e+05
-9.562574877953730068e-01 -6.911133708069721493e+00 1.485841660003055267e+03 5.431391129384655505e+04
-9.595792442041697345e-01 -6.516824970442105069e+00 7.068148153877019979e+01 -1.942277963298265822e+05
-9.627813310676263114e-01 -6.160327951539260383e+00 1.377575706534699520e+03 7.300155321532394737e+04
-9.657376619477344715e-01 -5.796895778428553747e+00 5.316116198635582180e+01 -2.029003338459543884e+05
-9.685855014042576983e-01 -5.472392465037449583e+00 1.269045162623825490e+03 8.741651870325207710e+04
-9.712076298911446193e-01 -5.138213355156707962e+00 4.315101520021141823e+01 -2.068266216839188710e+05
-9.737310836996441177e-01 -4.843252543957330403e+00 1.162125394856825778e+03 9.837136143042892218e+04
-9.760480556833159849e-01 -4.536419441803427155e+00 3.975798140598626418e+01 -2.070170268031465821e+05
-9.782748394607461151e-01 -4.268446694837211730e+00 1.058259580158480958e+03 1.065018575920877047e+05
-9.803133656756367609e-01 -3.986857232304719112e+00 4.218984834410548501e+01 -2.043992019364885055e+05
-9.822689053423515615e-01 -3.743287729123195628e+00 9.584991072872161340e+02 1.125321129262773320e+05
-9.840532752345353407e-01 -3.484691875850021603e+00 4.986853615103907345e+01 -1.996571229270212352e+05
-9.857606065260351436e-01 -3.262912913757508360e+00 8.636211007689470307e+02 1.168283396721924655e+05
-9.873126260462128378e-01 -3.024984320811151761e+00 6.223724330959636575e+01 -1.934439928104039282e+05
-9.887923514467515940e-01 -2.822421061449223778e+00 7.741424249039217784e+02 1.200755763792749494e+05
-9.901313358725200020e-01 -2.602758046728980368e+00 7.895970979684017266e+01 -1.865235137832323089e+05
-9.914015982967528950e-01 -2.416895812434036728e+00 6.902596952847624152e+02 1.227221010386974085e+05
-9.925443913732223677e-01 -2.213084144330475844e+00 9.983307922708161186e+01 -1.791246737901098095e+05
-9.936208837365161362e-01 -2.041431318255300553e+00 6.121136328477797406e+02 1.249002194998452906e+05
-9.945818696391984792e-01 -1.851064672636226982e+00 1.246434160784291549e+02 -1.716141831011869945e+05
-9.954778587834048897e-01 -1.691199405691853341e+00 5.397167865513649758e+02 1.271754351264135912e+05
-9.962690003994526533e-01 -1.511843590224769329e+00 1.533923691336976560e+02 -1.645938390728565864e+05
-9.969953390557965145e-01 -1.361422289915767081e+00 4.728345043595679726e+02 1.299062280142313102e+05
-9.976262234429738029e-01 -1.190659563663634346e+00 1.862175486645093940e+02 -1.580799957991985139e+05
-9.981913789429812667e-01 -1.047353406655634922e+00 4.112619462057016335e+02 1.329784062593651470e+05
-9.986692364702828284e-01 -8.828065238920167479e-01 2.231649484500937604e+02 -1.521492305247557233e+05
-9.990793290270210125e-01 -7.443370375170836883e-01 3.547920056209771360e+02 1.367988723313113442e+05
-9.994090668707568126e-01 -5.836009927664693731e-01 2.644985431242321283e+02 -1.470446907556594815e+05
-9.996678647936788620e-01 -4.477052384711239785e-01 3.031143727344841068e+02 1.413140933723685448e+05
-9.998520765077835160e-01 -2.884058186259916279e-01 3.104137741501601795e+02 -1.427202965782466636e+05
-9.999610225210803227e-01 -1.528387704402462410e-01 2.559756960376353732e+02 1.467350327595258714e+05
-1.000000000000000000e+00 7.425221189007639479e-03 3.612542889387016771e+02 -1.391767457286082790e+05
-9.999581921019800035e-01 1.449373162200986442e-01 2.131372689809410872e+02 1.529413878147418727e+05
-9.998499016548991758e-01 3.085694687574299655e-01 4.172733611738819945e+02 -1.364743721192769008e+05
-9.996540883328343119e-01 4.502903538642258341e-01 1.743215016559344974e+02 1.600614967123266542e+05
-9.993941730762520015e-01 6.197165706805131125e-01 4.788545181374864796e+02 -1.342846729484032840e+05
-9.990387245954485129e-01 7.679952333755623028e-01 1.394257416344325406e+02 1.677026349522755481e+05
-9.986204446387432210e-01 9.456554982419336230e-01 5.462047005557898274e+02 -1.324247723508789204e+05
-9.980973195464569736e-01 1.102882065993221028e+00 1.083809370646375640e+02 1.757276270324704237e+05
-9.975115208883793549e-01 1.291237539614938035e+00 6.195083204867572704e+02 -1.306640161931977345e+05
-9.968102325177328193e-01 1.459865240361194028e+00 8.122277025416197205e+01 1.839794368771129230e+05
-9.960452968022809328e-01 1.661418158999065087e+00 6.989306267424282169e+02 -1.287198937816014513e+05
-9.951528582429814973e-01 1.843985550789304151e+00 5.805844925471075868e+01 1.919142122525854502e+05
-9.941946453375407611e-01 2.061226380046002227e+00 7.844039142215120819e+02 -1.260972303542378359e+05
-9.930955455101065921e-01 2.260346942653227664e+00 3.919354641316692067e+01 1.992852921151029877e+05
-9.919273432613255892e-01 2.495804625527811904e+00 8.758155842452821389e+02 -1.225739179635527544e+05
-9.906034942803821908e-01 2.714157336695043998e+00 2.492769071789814461e+01 2.054152455674968660e+05
-9.892059826255096278e-01 2.970307164810455092e+00 9.727772742632201926e+02 -1.173169241988062859e+05
-9.876367221923676443e-01 3.210659045667054734e+00 1.586103684621716958e+01 2.094525279976446182e+05
-9.859879420557463581e-01 3.489917412818710929e+00 1.074576636626021582e+03 -1.096970136149623431e+05
-9.841500430287106749e-01 3.755076123955070067e+00 1.276080233880690784e+01 2.107341194177423604e+05
-9.822253987143558795e-01 4.059784656211175680e+00 1.180241086166246077e+03 -9.925276681465981528e+04
-9.800931073899646906e-01 4.352545141619104996e+00 1.642919436806209532e+01 2.082873000164306723e+05
-9.778654263959981607e-01 4.684862844409430238e+00 1.288411525208974581e+03 -8.487379899469064549e+04
-9.754105749601628128e-01 5.008022034289568047e+00 2.803489008125896831e+01 2.008420702415131964e+05
-9.728501869338691543e-01 5.369881824191415909e+00 1.397174255141147796e+03 -6.591810237832507119e+04
-9.700423561571384079e-01 5.726097752818834152e+00 4.880210226413778685e+01 1.874336123690563254e+05
-9.671172843011593967e-01 6.119123544959298222e+00 1.504219550876462563e+03 -4.154457268601376563e+04
-9.639240523667730320e-01 6.510875886607890628e+00 8.015907101518065758e+01 1.668864908812567592e+05
-9.606002598745828625e-01 6.936299212796651403e+00 1.606700936316537309e+03 -1.111307819856610149e+04
-9.569875349467336090e-01 7.365756791114149493e+00 1.235461662436599823e+02 1.378883932838821784e+05
-9.532293006372953847e-01 7.824257432284914771e+00 1.701157045858785978e+03 2.629616231652814895e+04
-9.491617969840391300e-01 8.293180683831153033e+00 1.806308869309129932e+02 9.943528157352097332e+04
-9.449321890321357165e-01 8.784840601731913168e+00 1.783615095121441982e+03 7.071100696532148868e+04
-9.403739916736630899e-01 9.294362438245144631e+00 2.528152288653708695e+02 5.082674217193853110e+04
-9.356355183909592643e-01 9.818495180376494602e+00 1.849675597894429075e+03 1.223450409848475829e+05
-9.305508200134462449e-01 1.036900188074823959e+01 3.414618538037173039e+02 -8.327156481246463954e+03
-9.252661978658425213e-01 1.092408288421846585e+01 1.894597179163511328e+03 1.804930725546320900e+05
-9.196201481864365590e-01 1.151497113684236240e+01 4.474267744784347656e+02 -7.785560968897771090e+04
-9.137532612176202385e-01 1.209849043821329495e+01 1.913501178828785896e+03 2.443533641929281875e+05
-9.075129838298492402e-01 1.272802336262505385e+01 5.711823946121045310e+02 -1.570241262807170860e+05
-9.010299674988693219e-01 1.333643053600970774e+01 1.901519296892672628e+03 3.118518493132600561e+05
-8.941656939543433102e-01 1.400145579613674229e+01 7.122752392378898776e+02 -2.438262032176111825e+05
-8.870362127719587653e-01 1.463010806453786294e+01 1.854361566302989786e+03 3.805065800190907903e+05
-8.795225243280563321e-01 1.532595818709361346e+01 8.693514924558144230e+02 -3.357425975512024015e+05
-8.717211212704070178e-01 1.596909855382112653e+01 1.768426117228304975e+03 4.468511157376109622e+05
-8.635382624152848630e-01 1.668939732409300092e+01 1.039767605073070399e+03 -4.291651896957084537e+05
-8.550458303590107167e-01 1.734015949901459663e+01 1.641298544121796340e+03 5.070442044061699416e+05
-8.461810654030063050e-01 1.807678943917611392e+01 1.219665522586305315e+03 -5.196241228495625546e+05
-8.369863113826357948e-01 1.872731877179992210e+01 1.472117806669667289e+03 5.563678622793081449e+05
-8.274352188426575827e-01 1.947039801286484817e+01 1.403696927835928363e+03 -6.016588947699323762e+05
-8.175360876341778438e-01 2.011201109232185757e+01 1.262047408576267571e+03 5.898453282400229946e+05
-8.073037373818009454e-01 2.085002030241987114e+01 1.585020644723951591e+03 -6.697801168620204553e+05
-7.967086987093157102e-01 2.147334575641817267e+01 1.014357476640580103e+03 6.031355475939349271e+05
-7.858106664236127470e-01 2.219340063685069353e+01 1.755720508603761573e+03 -7.185628902348624542e+05
-7.745397533379475563e-01 2.278866334416254347e+01 7.345829819100899840e+02 5.924690449625770561e+05
-7.630028311009848796e-01 2.347690099530112917e+01 1.907051014255067912e+03 -7.433302557076034136e+05
-7.510883362197188218e-01 2.403418825166659190e+01 4.303100794327288554e+02 5.552145630036713555e+05
-7.389509129363682760e-01 2.467623887703045327e+01 2.029943403238549081e+03 -7.401736624061986804e+05
-7.264376755531259944e-01 2.518586967508593588e+01 1.111251233719305702e+02 4.903703502563340589e+05
-7.137496699588972149e-01 2.576750510528328064e+01 2.115610110117103432e+03 -7.073074973478112370e+05
-7.006948415707602296e-01 2.622031388919621264e+01 -2.121805495555523464e+02 3.990256015700157732e+05
-6.875172093608491464e-01 2.672808549469975858e+01 2.156287081271982515e+03 -6.447330820029778406e+05
-6.739895095767757249e-01 2.711577760671911008e+01 -5.280834154261343656e+02 2.844895312184058130e+05
-6.603932624493191739e-01 2.753774784497658246e+01 2.146022559958547390e+03 -5.548121707512522116e+05
-6.464716582874020512e-01 2.785322122232985365e+01 -8.252461319084837896e+02 1.517828528925161809e+05
-6.325364260044409326e-01 2.817954968301805962e+01 2.081080373745505767e+03 -4.419723580970596522e+05
-6.183083494217219700e-01 2.841713203000810140e+01 -1.093242683396718121e+03 8.127270566321909428e+03
-6.041205614503545318e-01 2.864068507268608244e+01 1.960718668682672160e+03 -3.127069545452203602e+05
-5.896796627126175139e-01 2.879637230530575565e+01 -1.323462209317928910e+03 -1.386166079127024859e+05
-5.753304020830449783e-01 2.891303292594745855e+01 1.787122380771624648e+03 -1.744043412702549249e+05
-5.607740423436679000e-01 2.898463536682030650e+01 -1.509523306198643013e+03 -2.801326082905605435e+05
-5.463567081010435311e-01 2.899351272755343345e+01 1.565454347944554911e+03 -3.507342252992527938e+04
-5.317832797142775236e-01 2.898073467708427842e+01 -1.647693173287379295e+03 -4.085929041242827661e+05
-5.173911656303475937e-01 2.888413338009448594e+01 1.303461279903428249e+03 9.748663077819719911e+04
-5.028974196423262599e-01 2.878855122987733850e+01 -1.737026629884411932e+03 -5.173543585707005113e+05
-4.886213608762700611e-01 2.859173004808849683e+01 1.010903385900556259e+03 2.165834394873799756e+05
-4.742998988860889775e-01 2.841671870787304499e+01 -1.779131336784680116e+03 -6.016076407804274932e+05
-4.602260906716744149e-01 2.812749027501456922e+01 6.987742855367730499e+02 3.170725214516352862e+05
-4.461631438017632512e-01 2.787806451502534699e+01 -1.777782475282260293e+03 -6.585892760115889832e+05
-4.323712388697747433e-01 2.750627650311491124e+01 3.784655461786333603e+02 3.954321464458834380e+05
-4.186448429470902566e-01 2.718882664904381130e+01 -1.738509359013426092e+03 -6.875006121589401737e+05
-4.052064317601447585e-01 2.674576483619345169e+01 6.107048810347949086e+01 4.501999537389595062e+05
-3.918850647433247958e-01 2.636780337343997616e+01 -1.667906511977306536e+03 -6.896821205801786855e+05
-3.788625500274482860e-01 2.586557252334812418e+01 -2.434024900233765436e+02 4.816906598206209019e+05
-3.660042572805024541e-01 2.543540929136201711e+01 -1.573056226951915733e+03 -6.679788085499587469e+05
-3.534501620917376297e-01 2.488636230428631180e+01 -5.264937221902298461e+02 4.916771813781005330e+05
-3.411021537132664649e-01 2.441278174981094296e+01 -1.461001947527331367e+03 -6.264042404149337672e+05
-3.290588398313085139e-01 2.382900700825320328e+01 -7.816429784342659559e+02 4.830442428174205124e+05
-3.172575241505868893e-01 2.332095043715561644e+01 -1.338300826663528369e+03 -5.695660056719295681e+05
-3.057572849107881852e-01 2.271386636731675424e+01 -1.004296962692551119e+03 4.592958743205874925e+05
-2.945286670911658189e-01 2.218013990613406250e+01 -1.210735831734697513e+03 -5.022275220374359051e+05
-2.835941379508227778e-01 2.156018857027074276e+01 -1.191868438100188087e+03 4.241853613833364798e+05
-2.729545114446010889e-01 2.100921043711628045e+01 -1.083135571447157417e+03 -4.289123617706699297e+05
-2.625993334446758976e-01 2.038565838789563145e+01 -1.343547404859015387e+03 3.813902851463799598e+05
-2.525561812770265036e-01 1.982525908793941483e+01 -9.593038624780923556e+02 -3.536585250004613772e+05
-2.427858456219799121e-01 1.920609022304925517e+01 -1.460045399330085502e+03 3.342558480290442239e+05
-2.333388761377139520e-01 1.864336121278760672e+01 -8.420408734790337348e+02 -2.797869331213647965e+05
-2.241516850546012019e-01 1.803525690395704828e+01 -1.543260854760029133e+03 2.855991518767517991e+05
-2.152939293934370002e-01 1.747645113967917752e+01 -7.332516689342694463e+02 -2.098744471170590259e+05
-2.066820139343470697e-01 1.688482425567010736e+01 -1.595955365492575766e+03 2.377315721962028183e+05
-1.984009311624250205e-01 1.633531519637997675e+01 -6.340406433789246421e+02 -1.457856883356850594e+05
-1.903512697246924623e-01 1.576439388455908208e+01 -1.621467697403029888e+03 1.923371896838112734e+05
-1.826298129670782533e-01 1.522865948233430444e+01 -5.448825562937927316e+02 -8.861454788877069950e+04
-1.751252189492467637e-01 1.468160710253776280e+01 -1.623396970088375156e+03 1.505453657591999508e+05
-1.679428261562450619e-01 1.416326091140229870e+01 -4.657784127643682268e+02 -3.894205397148150951e+04
-1.609628691003781031e-01 1.364229443725880841e+01 -1.605417180181106232e+03 1.131015895703407004e+05
-1.542963650492241434e-01 1.314414439580803418e+01 -3.963485407929931625e+02 3.114927518367767334e+03
-1.478182049326548786e-01 1.265067291892256307e+01 -1.571103591177029557e+03 8.032023438064660877e+04
-1.416425948454479444e-01 1.217478758484295831e+01 -3.359796327267098377e+02 3.781758335674414411e+04
-1.356417230620096115e-01 1.170954217822697174e+01 -1.523801754824849468e+03 5.222045030545489863e+04
-1.299308787969201961e-01 1.125733206623478111e+01 -2.839177260417751540e+02 6.567205553104216233e+04
-1.243817598462128027e-01 1.082048810727431665e+01 -1.466544586102085304e+03 2.863433990696165711e+04
-1.191089981834475564e-01 1.039279682031229335e+01 -2.393306899612086056e+02 8.731280132451094687e+04
-1.139856099148217339e-01 9.984084510583722150e+00 -1.402025569558991720e+03 9.228554053553380072e+03
-1.091241701150785642e-01 9.581269686365246230e+00 -2.013793599339815898e+02 1.034809626246378757e+05
-1.044004537714503245e-01 9.200072605104001155e+00 -1.332564588525789532e+03 -6.386518352886661887e+03
-9.992388206311139665e-02 8.822094412199717794e+00 -1.692417347254244362e+02 1.148908620382524095e+05
-9.557410308163855062e-02 8.467530518409601470e+00 -1.260141057650670291e+03 -1.863574454941228032e+04
-9.145655627884635708e-02 8.114025240598735422e+00 -1.421370623420258710e+02 1.222801504597864114e+05
-8.745558948615822503e-02 7.785023486527041570e+00 -1.186393018197087713e+03 -2.799662056823680177e+04
-8.367206467624879740e-02 7.455368996588584096e+00 -1.193623287078872721e+02 1.263547336179921404e+05
-7.999561320928123831e-02 7.150728187264438596e+00 -1.112638306900585803e+03 -3.489404612472048029e+04
-7.652211571171982363e-02 6.844110824939629190e+00 -1.002807065884803563e+02 1.277111835973341949e+05
-7.314686868856766500e-02 6.562545223087897561e+00 -1.039935406713292195e+03 -3.973328714085370302e+04
-6.996053000901607255e-02 6.278006631918064073e+00 -8.433133399245586759e+01 1.269182005422259681e+05
-6.686427474081478584e-02 6.018188165672784251e+00 -9.690926078590712223e+02 -4.288272190272668377e+04
-6.394342626251615924e-02 5.754672628015783609e+00 -7.102518338350500926e+01 1.244495907223843969e+05
-6.110511763818729514e-02 5.515260238021946648e+00 -9.007170172761517506e+02 -4.466209748929552734e+04
-5.842933009949378281e-02 5.271650780947250148e+00 -5.993962254107402288e+01 1.207121642893832177e+05
-5.582912767069512366e-02 5.051314495273524052e+00 -8.352438103577744641e+02 -4.534731815797183663e+04
-5.337922288869726556e-02 4.826463251189350601e+00 -5.071197166669047363e+01 1.160430135888075456e+05
-5.099850139716354674e-02 4.623901728262591604e+00 -7.729690546872514005e+02 -4.517620217412104830e+04
-4.875654281700942533e-02 4.416653006617302424e+00 -4.303335924082067265e+01 1.107334696628937963e+05
-4.657788240891060083e-02 4.230608523051214043e+00 -7.140686197165431395e+02 -4.435506665320578031e+04
-4.452714813945821831e-02 4.039818095593854963e+00 -3.664584371777343819e+01 1.050118900882131420e+05
-4.253430845378594616e-02 3.869084281763019995e+00 -6.586276007925666818e+02 -4.304638015578594059e+04
-4.065925293851276046e-02 3.693634056449192737e+00 -3.133075542592156992e+01 9.906416028604353778e+04
-3.883713540006006326e-02 3.537063110521252440e+00 -6.066575259915143761e+02 -4.138981218207417987e+04
-3.712334173299479401e-02 3.375871416590828122e+00 -2.690692726372655130e+01 9.303805741542298347e+04
-3.545794356701784805e-02 3.232377544271683778e+00 -5.581130105166918156e+02 -3.949532463068375364e+04
-3.389207009041227125e-02 3.084407209165887842e+00 -2.322330492625347276e+01 8.704497513214964420e+04
-3.237043247547749525e-02 2.952968201949377036e+00 -5.129073625345662322e+02 -3.745068800516193733e+04
-3.094015583646355858e-02 2.817231496060421669e+00 -2.015420630064727447e+01 8.117236864213482477e+04
-2.955030863590894438e-02 2.696889497145671832e+00 -4.709220753830540502e+02 -3.532706365430448204e+04
-2.824426473768780477e-02 2.572451358474062033e+00 -1.759626070122580899e+01 7.548355957161239348e+04
-2.697516936487393338e-02 2.462311752149989985e+00 -4.320173761743614023e+02 -3.317897937998897396e+04
-2.578289405472142942e-02 2.348291283886446479e+00 -1.546417683701007917e+01 7.002486113363783807e+04
-2.462438595546999690e-02 2.247521260608862814e+00 -3.960386774203196865e+02 -3.104827263031341136e+04
-2.353625616733188985e-02 2.143092217243077524e+00 -1.368806491231188005e+01 6.482490093580330722e+04
-2.247898782873131857e-02 2.050918118677280244e+00 -3.628240199562187058e+02 -2.896338632829522248e+04
-2.148616432884536617e-02 1.955308449258613024e+00 -1.220924540697621197e+01 5.990156140939122997e+04
-2.052154955612245368e-02 1.871013419774204989e+00 -3.322084618915344549e+02 -2.694951092116464861e+04
-1.961592157877667733e-02 1.783503278388118174e+00 -1.098062969924473897e+01 5.526817652165563777e+04
-1.873608199726526161e-02 1.706424578939134795e+00 -3.040251029163620160e+02 -2.502304131442343350e+04
-1.791021412957895589e-02 1.626345088961720586e+00 -9.963912612265270141e+00 5.092429125791485421e+04
-1.710792769645360506e-02 1.555870335607302257e+00 -2.781115011903130494e+02 -2.319251336094236467e+04
-1.635500977780600038e-02 1.482601162802931638e+00 -9.126754850941560804e+00 4.686870875379734207e+04
-1.562366199742819782e-02 1.418165900764341014e+00 -2.543089238178681342e+02 -2.146685741957731079e+04
-1.493746145931599927e-02 1.351132625552278865e+00 -8.444002819137045535e+00 4.309523311533895321e+04
-1.427099937397015295e-02 1.292216790545351435e+00 -2.324646352921303389e+02 -1.984834388735191897e+04
-1.364581671414158426e-02 1.230888559143597627e+00 -7.894830090395945632e+00 3.959317880651541054e+04
-1.303870562230933020e-02 1.177013389779649977e+00 -2.124333177961956665e+02 -1.833646636310149916e+04
-1.246933272606528045e-02 1.120900281109384000e+00 -7.461878177840940651e+00 3.635039812122110743e+04
-1.191651567608956880e-02 1.071625423856011894e+00 -1.940777045822657101e+02 -1.693144683820311911e+04
-1.139819700867767543e-02 1.020275409724954008e+00 -7.131686361125819218e+00 3.335654013188200770e+04
-1.089505723529710784e-02 9.751962829136349153e-01 -1.772671461562364357e+02 -1.563136313314922154e+04
-1.042345366614101480e-02 9.281929795213752499e-01 -6.893735875499742427e+00 3.059661531447153538e+04
-9.965779515304725236e-03 8.869376449534184248e-01 -1.618800108762871446e+02 -1.443228644504095428e+04
-9.536935037252013830e-03 8.438975308154696986e-01 -6.739685990393265769e+00 2.805682977633122209e+04
-9.120887690250132490e-03 8.061242207731402765e-01 -1.478024078877297143e+02 -1.332941472913202051e+04
-8.731198627100790477e-03 7.666943736336087056e-01 -6.662568038875853915e+00 2.572353684911323944e+04
-8.353282121569228710e-03 7.320892208255028732e-01 -1.349283900854366607e+02 -1.232062585356255295e+04
-7.999468704255788265e-03 6.959445258546562707e-01 -6.658279487240437611e+00 2.358469787494989578e+04
-7.656502587016217679e-03 6.642191348882041657e-01 -1.231586559252298798e+02 -1.139976068499626126e+04
-7.335582874509756490e-03 6.310606526141998573e-01 -6.723249262662090331e+00 2.162452621250512311e+04
-7.024676768471516120e-03 6.019497419431224516e-01 -1.124026093143198324e+02 -1.056206449956411961e+04
-6.733942841636221359e-03 5.715020846594228709e-01 -6.855157664076233281e+00 1.983228137726627756e+04
-6.452473405275665694e-03 5.447618325104566228e-01 -1.025756496137173457e+02 -9.805302805886312854e+03
-6.189469474785351186e-03 5.167711408999385858e-01 -7.053370550605764677e+00 1.819965252710174536e+04
-5.935059227835591013e-03 4.921775392695825757e-01 -9.359858229952354236e+01 -9.130903417357738363e+03
-5.697561584374823997e-03 4.664092662848957072e-01 -7.319837967893979780e+00 1.672515663860007771e+04
-5.468059623651638952e-03 4.437568461843316436e-01 -8.539691586514136645e+01 -8.559724530749575933e+03
-5.254058669659239338e-03 4.199917321514077817e-01 -7.661664896022725380e+00 1.546277991562581155e+04
-5.047523035765407937e-03 3.990980454807779854e-01 -7.788827688241437386e+01 -8.239561235391709488e+03
-4.855206664199043787e-03 3.771172188102315803e-01 -8.119223659964138307e+00 1.475011244229247677e+04
-4.669888540943000106e-03 3.578508001877285793e-01 -7.092312494035992643e+01 -8.969976881451613735e+03
-4.497627248662402870e-03 3.373655312012326379e-01 -8.900049690455480444e+00 1.644483890056586824e+04
-4.331956444898385147e-03 3.198051041651305826e-01 -6.396922823777536138e+01 -1.508599850530450931e+04
-4.178289840921235385e-03 3.000820459736156520e-01 -1.111510042845309520e+01 3.060885069266648497e+04
-4.030861884986625815e-03 2.853826520480725604e-01 -5.438876480266829105e+01 -4.986662365471910744e+04
-3.894486586439318936e-03 2.632003864034155871e-01 -2.111145052664411281e+01 1.088795433370638784e+05
-3.764051055161937547e-03 2.589759644153057372e-01 -1.960555888735620300e+01 -1.769523142016639758e+05
-3.643809839333521112e-03 2.012514216990607119e-01 -2.721601021500601973e+02 -9.073621962709028739e+05
1.000000000000000000e+00 0.000000000000000000e+00 2.999999999999999889e-01 2.999999999999999889e-01
0.000000000000000000e+00 0.000000000000000000e+00 0.000000000000000000e+00 0.000000000000000000e+00
