1.000000000000000000e+00 0.000000000000000000e+00 4.799999999999999822e-01 4.799999999999999822e-01
0.000000000000000000e+00 0.000000000000000000e+00 0.000000000000000000e+00 0.000000000000000000e+00
4.810000000000000000e+02 0.000000000000000000e+00 4.799999999999999822e-01 4.799999999999999822e-01
-4.812240795804332586e-20 1.494905675312847293e-01 1.440948170126886474e+01 -1.018610487727184477e+03
1.811859198320317174e-04 1.633991540898938610e-01 1.341606442876921790e+01 -9.683724108080363067e+02
3.768700996084690035e-04 1.763392940609269655e-01 1.247244017258093685e+01 -9.190244551044554555e+02
5.856946944314228402e-04 1.883603354000877028e-01 1.157771881148845061e+01 -8.705666206164415826e+02
8.063018593996413392e-04 1.995107359418640258e-01 1.073101022427619711e+01 -8.229989073439951426e+02
1.037333749616173263e-03 2.098380633995283184e-01 9.931424289728603583e+00 -7.763213152871157945e+02
1.277432520183302686e-03 2.193889953651375624e-01 9.178070886630104397e+00 -7.305338444458037657e+02
1.525240326190391727e-03 2.282093193095330597e-01 8.470059893765137460e+00 -6.856364948200591698e+02
1.779399322728577454e-03 2.363439325823404880e-01 7.806501189918130024e+00 -6.416292664098813248e+02
2.038551664917891571e-03 2.438368424119700673e-01 7.186504653873518222e+00 -5.985121592152709127e+02
2.301339507836903941e-03 2.507311659056165043e-01 6.609180164415731973e+00 -5.562851732362279336e+02
2.566405006603113357e-03 2.570691300492586318e-01 6.073637600329204744e+00 -5.149483084727520463e+02
2.832390316005918649e-03 2.628920717076601576e-01 5.578986840398371783e+00 -4.745015649248432510e+02
3.098253222771287126e-03 2.682404376243688326e-01 5.124337763407661228e+00 -4.349449425925019455e+02
3.364214034664502091e-03 2.731537844217169497e-01 4.708800248141511879e+00 -3.962784414757276750e+02
3.630808691412322053e-03 2.776707786008215106e-01 4.331484173384349212e+00 -3.585020615745206669e+02
3.898573132399604530e-03 2.818291965415835043e-01 3.991499417920612025e+00 -3.216158028888807507e+02
4.168043297053366028e-03 2.856659245026886840e-01 3.687955860534732011e+00 -2.856196654188084381e+02
4.439755124896456982e-03 2.892169586216071231e-01 3.419963380011139087e+00 -2.505136491643031036e+02
4.714162950514733802e-03 2.925174049145931598e-01 3.186631855134275604e+00 -2.162977541253659695e+02
4.991394691412062712e-03 2.956014792766858967e-01 2.987071164688558156e+00 -1.829719803019950177e+02
5.271496660168790808e-03 2.985025074817087565e-01 2.820391187458428650e+00 -1.505363276941914137e+02
5.554515169482773622e-03 3.012529251822695375e-01 2.685701802228318780e+00 -1.189907963019549868e+02
5.840496532063310653e-03 3.038842779097603031e-01 2.582112887782662458e+00 -8.833538612528580813e+01
6.129487060555384795e-03 3.064272210743578251e-01 2.508734322905891823e+00 -5.857009716418384215e+01
6.421555878770297647e-03 3.089115199650231403e-01 2.464675986382439010e+00 -2.969492941864915636e+01
6.716863354186984429e-03 3.113660497495019386e-01 2.449047756996737490e+00 -1.709882888681631075e+00
7.015592665460215760e-03 3.138187954743240082e-01 2.460959513533220289e+00 2.538504242571862335e+01
7.317926991197754721e-03 3.162968520648039017e-01 2.499521134776319098e+00 5.158984652455177411e+01
7.624049509993735541e-03 3.188264243250403807e-01 2.563842499510466943e+00 7.690452940781747770e+01
7.934143400457898884e-03 3.214328269379166381e-01 2.653033486520098183e+00 1.013290910755160894e+02
8.248393366758224182e-03 3.241404844651004646e-01 2.766203974589644954e+00 1.248635315276474529e+02
8.566990215290502461e-03 3.269729313470440824e-01 2.902463842503538061e+00 1.475078507642116392e+02
8.890126278027092599e-03 3.299528119029838114e-01 3.060922969046211861e+00 1.692620487852084636e+02
9.217993886941730844e-03 3.331018803309409027e-01 3.240691233002099381e+00 1.901261255906381962e+02
9.550785374034979208e-03 3.364410007077205944e-01 3.440878513155633645e+00 2.101000811805006379e+02
9.888693071151291938e-03 3.399901469889128336e-01 3.660594688291245014e+00 2.291839155547958455e+02
1.023190830988442331e-02 3.437684030088919429e-01 3.898949637193369178e+00 2.473776287135237908e+02
1.058061841888147114e-02 3.477939624808165653e-01 4.155053238646437386e+00 2.646812206566845589e+02
1.093500972663457443e-02 3.520841289966299414e-01 4.428015371434883107e+00 2.810946913842781214e+02
1.129526856135035402e-02 3.566553160270595768e-01 4.716945914343138035e+00 2.966180408963043647e+02
1.166158125129665955e-02 3.615230469216176301e-01 5.020954746155635640e+00 3.112512691927635160e+02
1.203413412486533177e-02 3.667019549086004138e-01 5.339151745656810277e+00 3.249943762736552344e+02
1.241312457577294255e-02 3.722057830950890045e-01 5.670646791631091865e+00 3.378473621389799746e+02
1.279879425903967041e-02 3.780473844669482997e-01 6.014549762862904991e+00 3.498102267887369408e+02
1.319139589548198530e-02 3.842387218888285716e-01 6.369970538136700888e+00 3.608829702229271561e+02
1.359118220553537371e-02 3.907908681041638577e-01 6.736018996236904144e+00 3.710655924415501090e+02
1.399840590991370363e-02 3.977140057351727376e-01 7.111805015947946451e+00 3.803580934446058563e+02
1.441331972920791883e-02 4.050174272828582223e-01 7.496438476054259503e+00 3.887604732320943413e+02
1.483617950098261445e-02 4.127095351270078649e-01 7.889029255340281210e+00 3.962727318040155637e+02
1.526725353053304778e-02 4.207978415261934835e-01 8.288687232590437048e+00 4.028948691603696943e+02
1.570681324034902543e-02 4.292889686177715491e-01 8.694522286589162263e+00 4.086268853011563920e+02
1.615513005291228932e-02 4.381886484178827978e-01 9.105644296120892989e+00 4.134687802263760545e+02
1.661247539042755988e-02 4.475017228214525078e-01 9.521163139970060030e+00 4.174205539360283979e+02
1.707912067530114111e-02 4.572321436021903329e-01 9.940188696921095968e+00 4.204822064301135356e+02
1.755534385657091939e-02 4.673829724125901919e-01 1.036183084575843338e+01 4.226537377086314109e+02
1.804144898899434288e-02 4.779563807839306566e-01 1.078519946526650308e+01 4.239351477715821943e+02
1.853774665396853288e-02 4.889536501262748969e-01 1.120940443422974120e+01 4.243264366189656016e+02
1.904454743301188871e-02 5.003751717284701250e-01 1.163355563143257854e+01 4.238276042507817465e+02
1.956216190741141836e-02 5.122204467581480403e-01 1.205676293565945123e+01 4.224386506670306858e+02
2.009090065860773613e-02 5.244880862617251616e-01 1.247813622569478831e+01 4.201595758677124763e+02
2.063108798761561016e-02 5.371758865959749274e-01 1.289708710661426494e+01 4.178955587265616600e+02
2.118310307327038455e-02 5.502816591753286746e-01 1.331423408865854618e+01 4.165517781173130629e+02
2.174733881407934707e-02 5.638040602191776163e-01 1.373049740835952548e+01 4.161282340399665145e+02
2.232418810842412907e-02 5.777426661834440536e-01 1.414679730224911403e+01 4.166249264945221285e+02
2.291404385496555174e-02 5.920979737605827076e-01 1.456405400685920704e+01 4.180418554809799616e+02
2.351729895197683315e-02 6.068713998795798314e-01 1.498318775872170505e+01 4.203790209993397866e+02
2.413435360146765074e-02 6.220652817059542095e-01 1.540511879436852105e+01 4.236364230496018877e+02
2.476563721898329337e-02 6.376828766417556027e-01 1.583076735033154669e+01 4.278140616317660374e+02
2.541158652378217725e-02 6.537283623255667475e-01 1.626105366314268608e+01 4.329119367458322927e+02
2.607263823475346187e-02 6.702068366325011350e-01 1.669689796933384685e+01 4.389300483918008808e+02
2.674922907112663520e-02 6.871243176742050096e-01 1.713922050543692421e+01 4.458683965696714608e+02
2.744179575180287142e-02 7.044877437988562585e-01 1.758894150798382228e+01 4.537269812794441464e+02
2.815079218240978259e-02 7.223049735911647451e-01 1.804698121350645224e+01 4.625058025211190511e+02
2.887674101289143189e-02 7.405847858723717536e-01 1.851425985853669687e+01 4.722048602946961751e+02
2.962018207981266527e-02 7.593368797002509885e-01 1.899169767960647093e+01 4.828241546001751772e+02
3.038165521959925244e-02 7.785718743691082411e-01 1.948021491324767496e+01 4.943636854375564553e+02
3.116170026870692181e-02 7.983013094097811679e-01 1.998073179599222371e+01 5.068234528068400095e+02
3.196085706338810950e-02 8.185376445896379582e-01 2.049416856437199286e+01 5.202034567080254419e+02
3.277967957144347494e-02 8.392942599125806646e-01 2.102144545491890781e+01 5.345036971411133209e+02
3.361877828329312701e-02 8.605854556190422056e-01 2.156348270416485846e+01 5.497241741061031917e+02
3.447877782078694747e-02 8.824264521859874755e-01 2.212120054864174890e+01 5.658648876029951680e+02
3.536030280561646560e-02 9.048333903269134559e-01 2.269551922488147966e+01 5.829258376317892498e+02
3.626397785958450359e-02 9.278233309918487715e-01 2.328735896941596550e+01 6.009070241924855509e+02
3.719042760417320959e-02 9.514142553673542446e-01 2.389764001877708921e+01 6.198084472850839575e+02
3.814029742526908046e-02 9.756250648765224520e-01 2.452728260949676553e+01 6.396301069095845833e+02
3.911431576283296713e-02 1.000475581178978057e+00 2.517720697810689501e+01 6.603720030659872009e+02
4.011323182111278113e-02 1.025986546170877034e+00 2.584833336113937463e+01 6.820341357542921514e+02
4.113779480434953673e-02 1.052179621984907332e+00 2.654158199512609073e+01 7.046165049744984117e+02
4.218875391668899105e-02 1.079077390990290874e+00 2.725787311659899359e+01 7.281191107266074596e+02
4.326685836191922901e-02 1.106703355792777899e+00 2.799812696208993756e+01 7.525419530106186130e+02
4.437288469225815490e-02 1.135081939234653836e+00 2.876326376813086227e+01 7.778850318265320993e+02
4.550771884817077922e-02 1.164238484394733764e+00 2.955420377125363984e+01 8.041483471743476912e+02
4.667227411840532691e-02 1.194199254588365733e+00 3.037186720799018858e+01 8.313318990540651612e+02
4.786746379128663936e-02 1.224991433367429661e+00 3.121717431487240546e+01 8.594356874656849641e+02
4.909420115550164332e-02 1.256643124520336663e+00 3.209104532843220170e+01 8.884597124092069862e+02
5.035339949918447161e-02 1.289183352072030608e+00 3.299440048520145297e+01 9.184039738846308865e+02
5.164599655109021470e-02 1.322642060283986565e+00 3.392816002171209533e+01 9.492684718919572333e+02
5.297302779738836953e-02 1.357050113654212353e+00 3.489324417449601157e+01 9.810532064311855720e+02
5.433555316466513047e-02 1.392439296917247216e+00 3.589057318008510578e+01 1.013758177502315903e+03
5.573463257948587518e-02 1.428842315044161593e+00 3.692106727501127494e+01 1.047383385105348680e+03
5.717132596809403056e-02 1.466292793242559345e+00 3.798564669580643027e+01 1.081928829240283221e+03
5.864669325663746102e-02 1.504825276956575308e+00 3.908523167900248296e+01 1.117394509907120209e+03
6.016182815364567310e-02 1.544475231866875298e+00 4.022074246113130869e+01 1.153780427105859189e+03
6.171795949060015357e-02 1.585279043890659434e+00 4.139309927872483996e+01 1.191086580836500616e+03
6.331634988128924391e-02 1.627274019181655929e+00 4.260322236831490983e+01 1.229312971099042443e+03
6.495826193948783800e-02 1.670498384130131075e+00 4.385203196643352186e+01 1.268459597893488080e+03
6.664495827864548583e-02 1.714991285362876816e+00 4.514044830961253041e+01 1.308526461219835710e+03
6.837770151179671518e-02 1.760792789743219844e+00 4.646939163438382536e+01 1.349513561078085331e+03
7.015780510779906498e-02 1.807943884371019161e+00 4.783978217727933213e+01 1.391420897468237172e+03
7.198678594749541304e-02 1.856486476582664302e+00 4.925254017483094771e+01 1.434248470390291459e+03
7.386621176761599961e-02 1.906463393951077112e+00 5.070858586357054065e+01 1.477996279844247056e+03
7.579765030428392558e-02 1.957918384285712188e+00 5.220883948003007902e+01 1.522664325830106009e+03
7.778266929375889094e-02 2.010896115632554437e+00 5.375422126074140294e+01 1.568252608347866044e+03
7.982283647184840181e-02 2.065442176274122854e+00 5.534565144223643784e+01 1.614761127397528753e+03
8.191973144537391394e-02 2.121603074729466520e+00 5.698405026104710913e+01 1.662189882979093909e+03
8.407498130100711509e-02 2.179426239754167494e+00 5.867033795370528537e+01 1.710538875092560829e+03
8.629022499614819042e-02 2.238960020340337032e+00 6.040543475674287066e+01 1.759808103737929741e+03
8.856710148813584649e-02 2.300253685716624030e+00 6.219026090669179041e+01 1.809997568915200873e+03
9.090724973428644662e-02 2.363357425348201701e+00 6.402573664008390608e+01 1.861107270624373996e+03
9.331230869051339305e-02 2.428322348936782227e+00 6.591278219345113598e+01 1.913137208865448429e+03
9.578402081240526555e-02 2.495200490280618411e+00 6.785233324337481520e+01 1.966133703786573506e+03
9.832454253080169515e-02 2.564044849734643083e+00 6.984538722663369015e+01 2.020143075535894695e+03
1.009361337743708426e-01 2.634909436670607619e+00 7.189295702005600219e+01 2.075165324113412225e+03
1.036210544719562560e-01 2.707849273337086249e+00 7.399605550046992164e+01 2.131200449519126323e+03
1.063815645507442675e-01 2.782920394859487612e+00 7.615569554470364722e+01 2.188248451753036534e+03
1.092199239406598105e-01 2.860179849240042760e+00 7.837289002958537765e+01 2.246309330815143312e+03
1.121383961436374088e-01 2.939685697357816707e+00 8.064865183194332587e+01 2.305383086705446658e+03
1.151392589567259983e-01 3.021497012968698659e+00 8.298399382860569062e+01 2.365469719423946117e+03
1.182247937536567151e-01 3.105673882705405564e+00 8.537992889640062799e+01 2.426569228970642598e+03
1.213972819049029400e-01 3.192277406077486113e+00 8.783746991215639355e+01 2.488681615345535192e+03
1.246590047842412452e-01 3.281369695471314962e+00 9.035762975270111497e+01 2.551806878548623899e+03
1.280122437616522668e-01 3.373013876150094514e+00 9.294142129486303361e+01 2.615945018579909174e+03
1.314593642514710614e-01 3.467274086253856247e+00 9.558985741547031978e+01 2.681096035439390562e+03
1.350030678160679121e-01 3.564215476799459381e+00 9.830395099135121484e+01 2.747259929127068972e+03
1.386461400601406158e-01 3.663904211680592660e+00 1.010847148993338749e+02 2.814436699642943950e+03
1.423913665892758695e-01 3.766407467667771680e+00 1.039331620162465128e+02 2.882626346987014585e+03
1.462415330059082808e-01 3.871793434408338896e+00 1.068503052189172990e+02 2.951828871159282244e+03
1.501994249147053095e-01 3.980131314426467171e+00 1.098371573841744606e+02 3.022044272159746015e+03
1.542678746746106166e-01 4.091491323123159773e+00 1.128947313888462105e+02 3.093272549988406809e+03
1.584499016566449370e-01 4.205944688776241946e+00 1.160240401097606906e+02 3.165513704645263715e+03
1.627485719891626492e-01 4.323563652540371116e+00 1.192260964237461138e+02 3.238767736130316734e+03
1.671669517979111896e-01 4.444421468447034229e+00 1.225019132076307500e+02 3.313034644443566776e+03
1.717081072092940253e-01 4.568592403404541535e+00 1.258525033382426841e+02 3.388314429585012931e+03
1.763751043506704419e-01 4.696151737198038134e+00 1.292788796924101575e+02 3.464607091554655199e+03
1.811710388923659931e-01 4.827175762489487099e+00 1.327820551469613122e+02 3.541912630352492215e+03
1.860991246788721021e-01 4.961741784817694345e+00 1.363630425787244462e+02 3.620231045978526708e+03
1.911626051004049198e-01 5.099928122598281988e+00 1.400228548645277158e+02 3.699562338432758679e+03
1.963647235457702811e-01 5.241814107123706989e+00 1.437625048811993906e+02 3.779906507715187672e+03
2.017087234044950828e-01 5.387480082563246953e+00 1.475830055055675132e+02 3.861263553825811869e+03
2.071978480659363853e-01 5.537007405963016105e+00 1.514853696144604100e+02 3.943633476764633087e+03
2.128353907044850668e-01 5.690477182422934099e+00 1.554655507926357529e+02 4.011838400320344590e+03
2.186248436251354010e-01 5.847956352043540917e+00 1.594992654565696455e+02 4.050700448281642821e+03
2.245697489187717111e-01 6.009483776872796668e+00 1.635571707306675648e+02 4.060219620648524597e+03
2.306736486759914939e-01 6.175068976083066374e+00 1.676099237393351871e+02 4.040395917420993101e+03
2.369400849881605209e-01 6.344692125971125307e+00 1.716281816069781314e+02 3.991229338599047423e+03
2.433725999466553047e-01 6.518304059958150098e+00 1.755826014580017898e+02 3.912719884182685746e+03
2.499746357878580294e-01 6.695826268589724961e+00 1.794438404168120087e+02 3.804867554171910797e+03
2.567492353534762684e-01 6.877150899535838136e+00 1.831825556078141801e+02 3.667672348566720302e+03
2.636993416302264026e-01 7.062140757590885443e+00 1.867694041554139801e+02 3.501134267367115626e+03
2.708278976053745679e-01 7.250629304673669395e+00 1.901750431840169711e+02 3.305253310573097224e+03
2.781378462664333973e-01 7.442420659827389429e+00 1.933701298180287438e+02 3.080029478184662821e+03
2.856321306026473050e-01 7.637289599219665881e+00 1.963253211818548323e+02 2.825462770201815147e+03
2.933136137912494834e-01 7.834981556142507131e+00 1.990112743999009126e+02 2.541553186624551472e+03
3.011848397921342846e-01 8.035212621012339795e+00 2.013986465965724335e+02 2.228300727452873616e+03
3.092482727521602692e-01 8.237669541369996296e+00 2.034580948962751847e+02 1.885705392686782488e+03
3.175063768192222247e-01 8.442009721880705087e+00 2.051602764234145866e+02 1.513767182326275361e+03
3.259616161444808813e-01 8.647861224334103980e+00 2.064758483023962299e+02 1.112486096371353824e+03
3.346164548803216010e-01 8.854822767644245474e+00 2.073754676576257907e+02 6.818621348220182199e+02
3.434730032740015426e-01 9.062463727849575434e+00 2.078297916135088030e+02 2.218952976782670419e+02
3.525319560437614741e-01 9.270324138112950862e+00 2.078094772944508577e+02 -2.674144150598975216e+02
3.617936540061504891e-01 9.477914688721631009e+00 2.072851818248575171e+02 -7.860670033924764084e+02
3.712584379768059106e-01 9.684716727087288035e+00 2.062275623291344289e+02 -1.334062467319471580e+03
3.809266487736781559e-01 9.890182257745994576e+00 2.046072759316871270e+02 -1.911400806840879568e+03
3.907986272228620162e-01 1.009373394235822552e+01 2.023949797569212592e+02 -2.518082021956704011e+03
4.008742341271418486e-01 1.029476509970886511e+01 1.995613309292422741e+02 -3.154106112666941499e+03
4.111514103548821741e-01 1.049263970570720161e+01 1.960769865730559900e+02 -3.819473078971574978e+03
4.216276167542946096e-01 1.068669239338693977e+01 1.919126038127677418e+02 -4.514182920870640373e+03
4.323003141762099544e-01 1.087622845290617235e+01 1.870388397727832057e+02 -5.238235638364121769e+03
4.431669634768637400e-01 1.106052383154740859e+01 1.814263515775080009e+02 -5.991631231452017346e+03
4.542250255210064092e-01 1.123882513371756176e+01 1.750457963513476614e+02 -6.774369700134327104e+03
4.654711431336506777e-01 1.141035225209324899e+01 1.678783557999245772e+02 -7.554877300760881553e+03
4.768986872302367064e-01 1.157432731021915373e+01 1.599473099537279097e+02 -8.301580289681513023e+03
4.885002106865857785e-01 1.173000360510634721e+01 1.512864634244635056e+02 -9.014478666896216964e+03
5.002682663867060731e-01 1.187666823837762564e+01 1.419296208238374106e+02 -9.693572432405000654e+03
5.121954072195876728e-01 1.201364211626747291e+01 1.319105867635554716e+02 -1.033886158620785682e+04
5.242741860836601653e-01 1.214027994962208723e+01 1.212631658553236775e+02 -1.095034612830478909e+04
5.364962700098833137e-01 1.225597025389937045e+01 1.100211627108478609e+02 -1.152802605869579747e+04
5.488497828424899749e-01 1.236013534916893875e+01 9.821838194183401072e+01 -1.207190137738088015e+04
5.613219625562474446e-01 1.245223136011209775e+01 8.588862815998805900e+01 -1.258197208436003893e+04
5.739000471364825717e-01 1.253174821602187095e+01 7.306570597701590941e+01 -1.305823817963327201e+04
5.865712745726590072e-01 1.259820965080299082e+01 5.978342000462346562e+01 -1.350069966320057938e+04
5.993228828641022909e-01 1.265117320297188108e+01 4.607557485451668811e+01 -1.390935653506196468e+04
6.121413181241610602e-01 1.269023021565668330e+01 3.197597513840148764e+01 -1.428420879521742791e+04
6.250098591862039976e-01 1.271500583659724981e+01 1.751842546798379274e+01 -1.462525644366696179e+04
6.379109929977290205e-01 1.272515901814511885e+01 2.736730454969517279e+00 -1.493249948041056996e+04
6.508272065188545064e-01 1.272038311192661553e+01 -1.233292663668802724e+01 -1.519880194870614650e+04
6.637409867061859758e-01 1.270041241013650613e+01 -2.764484793404608354e+01 -1.541702789181158005e+04
6.766348205256437209e-01 1.266502868683169147e+01 -4.315095691191450555e+01 -1.558717730972687241e+04
6.894908679562830045e-01 1.261406179259423865e+01 -5.880317704510314059e+01 -1.570925020245201995e+04
7.022899811467626652e-01 1.254738965453143784e+01 -7.455343180842186257e+01 -1.578324656998702631e+04
7.150126852618606810e-01 1.246493827627575079e+01 -9.035364467668050281e+01 -1.580916641233188784e+04
7.276395054716430222e-01 1.236668173798482862e+01 -1.061557391246889352e+02 -1.578700972948661001e+04
7.401509669433389282e-01 1.225264219634152063e+01 -1.219116386272570338e+02 -1.571677652145118918e+04
7.525275948394946068e-01 1.212288988455385841e+01 -1.375732666591946156e+02 -1.559846678822561807e+04
7.647503822343822977e-01 1.197754311235506997e+01 -1.530925466953115972e+02 -1.543208052980991306e+04
7.768021936934081939e-01 1.181676826600357089e+01 -1.684214022104177673e+02 -1.521761774620405959e+04
7.886663616955330580e-01 1.164077980828296965e+01 -1.835117566793230424e+02 -1.495507843740806675e+04
8.003262187103232783e-01 1.144984027850205521e+01 -1.983155335768371970e+02 -1.464446260342192727e+04
8.117650972079519800e-01 1.124426029249482539e+01 -2.127846563777698066e+02 -1.428577024424565752e+04
8.229663296478625378e-01 1.102439854262044250e+01 -2.268710485569314130e+02 -1.387900135987923750e+04
8.339139369722954331e-01 1.079065989126353564e+01 -2.405342595881258205e+02 -1.344703394730535547e+04
8.445946938228456879e-01 1.054347439933692065e+01 -2.537643429411338900e+02 -1.301274600350668516e+04
8.549960633200324178e-01 1.028327635478440349e+01 -2.665589780847309385e+02 -1.257613752848323020e+04
8.651055085759211671e-01 1.001050236608100441e+01 -2.789158444876921408e+02 -1.213720852223499242e+04
8.749104927018939160e-01 9.725591362232975712e+00 -2.908326216187927571e+02 -1.169595898476196999e+04
8.843984787968275363e-01 9.428984592777780449e+00 -3.023069889468077918e+02 -1.125238891606416109e+04
8.935577449596143751e-01 9.121125627784127943e+00 -3.133366259405127607e+02 -1.080649831614156938e+04
9.023798290122809762e-01 8.802460357851929373e+00 -3.239192120686827252e+02 -1.035828718499419483e+04
9.108570837763038108e-01 8.473436994112345744e+00 -3.340524268000929169e+02 -9.907755522622033823e+03
9.189818620607791422e-01 8.134506068227739917e+00 -3.437339496035185107e+02 -9.454903329025091807e+03
9.267465166760481265e-01 7.786120432391711255e+00 -3.529614599477347952e+02 -8.999730604203361509e+03
9.341434004209938635e-01 7.428735259329080520e+00 -3.617326373015170589e+02 -8.542237348156850203e+03
9.411654698005776920e-01 7.062808042295897870e+00 -3.700451611336403630e+02 -8.082423560885552433e+03
9.478080959117143323e-01 6.688798595079428644e+00 -3.778967109128799393e+02 -7.620289242389469109e+03
9.540672535848757629e-01 6.307169051998172016e+00 -3.852849661080110195e+02 -7.155834392668604778e+03
9.599389175909146532e-01 5.918383867901848561e+00 -3.922076061878087785e+02 -6.689059011722952164e+03
9.654190627551726411e-01 5.522909818171408247e+00 -3.986623106210486753e+02 -6.219963099552518543e+03
9.705036638492361423e-01 5.121215998719013562e+00 -4.046467588765056576e+02 -5.748546656157299367e+03
9.751891591516412827e-01 4.713773825988063493e+00 -4.101586304229550706e+02 -5.274809681537296456e+03
9.794738406635069561e-01 4.301057036953179313e+00 -4.151956047291718619e+02 -4.798752175692507080e+03
9.833564638434608707e-01 3.883541689120204143e+00 -4.197553612639317748e+02 -4.320374138622934879e+03
9.868357841612578341e-01 3.461706160526209164e+00 -4.238355794960095864e+02 -3.839675570328578488e+03
9.899105570855271097e-01 3.036031149739486512e+00 -4.274339388941806419e+02 -3.356656470809437906e+03
9.925795380849895544e-01 2.606999675859557719e+00 -4.305481189272201732e+02 -2.871316840065512224e+03
9.948414728867966961e-01 2.175097078517165272e+00 -4.331757990639033551e+02 -2.383656678096803262e+03
9.966950683757610507e-01 1.740811017874276834e+00 -4.353146587730054762e+02 -1.893675984903308972e+03
9.981390216835790419e-01 1.304631474624087906e+00 -4.369623775233017682e+02 -1.401374760485029810e+03
9.991720299579720521e-01 8.670507499910167226e-01 -4.381166347835673491e+02 -9.067530048419678224e+02
9.997927903518315507e-01 4.285634657307045847e-01 -4.387751100225773939e+02 -4.098107179741205641e+02
1.000000000000000000e+00 -1.033343586996773693e-02 -4.389354827091072480e+02 8.945210011849765408e+01
9.997927903518315507e-01 -4.491409286457807015e-01 -4.385963789233350667e+02 5.881956152274428860e+02
9.991720299579720521e-01 -8.873605057344666758e-01 -4.377602111910499048e+02 1.083579993144234322e+03
9.981390216835789309e-01 -1.324496782758108004e+00 -4.364303386494439678e+02 1.575605233868870528e+03
9.966950683757610507e-01 -1.760057734475980240e+00 -4.346101204357095753e+02 2.064271337401351957e+03
9.948414728867966961e-01 -2.193554694784549230e+00 -4.323029156870386487e+02 2.549578303741677246e+03
9.925795380849895544e-01 -2.624502356717475671e+00 -4.295120835406235074e+02 3.031526132889848213e+03
9.899105570855269987e-01 -3.052418772445613104e+00 -4.262409831336563570e+02 3.510114824845865314e+03
9.868357841612576120e-01 -3.476825353277003927e+00 -4.224929736033291761e+02 3.985344379609726275e+03
9.833564638434607597e-01 -3.897246869656882939e+00 -4.182714140868341133e+02 4.457214797181431095e+03
9.794738406635068451e-01 -4.313211451167680011e+00 -4.135796637213637155e+02 4.925726077560982048e+03
9.751891591516411717e-01 -4.724250586529016083e+00 -4.084210816441096767e+02 5.390878220748378226e+03
9.705036638492359202e-01 -5.129899123597702726e+00 -4.027990269922642597e+02 5.852671226743618718e+03
9.654190627551725301e-01 -5.529695269367746135e+00 -3.967168589030198405e+02 6.311105095546706252e+03
9.599389175909145422e-01 -5.923180589970342247e+00 -3.901779365135682838e+02 6.766179827157636282e+03
9.540672535848755409e-01 -6.309900010673877624e+00 -3.831856189611018522e+02 7.217895421576411536e+03
9.478080959117139992e-01 -6.689401815883938340e+00 -3.757432653828128650e+02 7.666251878803033833e+03
9.411654698005774700e-01 -7.061237649143295769e+00 -3.678542349158932439e+02 8.111249198837499534e+03
9.341434004209936415e-01 -7.424962513131912800e+00 -3.595218866975352512e+02 8.552887381679809550e+03
9.267465166760479045e-01 -7.780134769666950056e+00 -3.507495798649309222e+02 8.991166427329966609e+03
9.189818620607790312e-01 -8.126316139702757013e+00 -3.415406735552725763e+02 9.426086335787967982e+03
9.108570837763034778e-01 -8.463071703330873774e+00 -3.318985269057523624e+02 9.857647107053811851e+03
9.023798290122806431e-01 -8.789969899780038176e+00 -3.218264990535623724e+02 1.028584874112750185e+04
8.935577449596142641e-01 -9.106582527416176021e+00 -3.113279491358946984e+02 1.071069123800903799e+04
8.843984787968272032e-01 -9.412484743742400184e+00 -3.004062362899416598e+02 1.113217459769841662e+04
8.749104927018936939e-01 -9.707255065399026606e+00 -2.890647196528952350e+02 1.155029882019564320e+04
8.651055085759209451e-01 -9.990475368163558301e+00 -2.773067583619477432e+02 1.196506390550071592e+04
8.549960633200321958e-01 -1.026173088695068891e+01 -2.651357115542912197e+02 1.237646985361363113e+04
8.445946938228454659e-01 -1.052061021581230271e+01 -2.525549383671178987e+02 1.278451666453439248e+04
8.339139369722949890e-01 -1.076670530793748171e+01 -2.395677979376198152e+02 1.318920433826299814e+04
8.229663296478623158e-01 -1.099961147565249675e+01 -2.261776494029892319e+02 1.359053287479944629e+04
8.117650972079514249e-01 -1.121892896691269570e+01 -2.123941578679484223e+02 1.396958437155312640e+04
8.003262187103227232e-01 -1.142428030671320016e+01 -1.982522123073406988e+02 1.430744092593342612e+04
7.886663616955323919e-01 -1.161532763849964667e+01 -1.837930076635393561e+02 1.460410253794034725e+04
7.768021936934076388e-01 -1.179177430066000909e+01 -1.690577388789177462e+02 1.485956920757388616e+04
7.647503822343816315e-01 -1.195336482652466437e+01 -1.540876008958493628e+02 1.507384093483404104e+04
7.525275948394940517e-01 -1.209988494436634987e+01 -1.389237886567074440e+02 1.524691771972081551e+04
7.401509669433381511e-01 -1.223116157740018117e+01 -1.236074971038654695e+02 1.537879956223420777e+04
7.276395054716423560e-01 -1.234706284378363783e+01 -1.081799211796968336e+02 1.546948646237421963e+04
7.150126852618601259e-01 -1.244749805661658826e+01 -9.268225582657478867e+01 1.551897842014084745e+04
7.022899811467619990e-01 -1.253241772394126308e+01 -7.715569598687289954e+01 1.552727543553410032e+04
6.894908679562823384e-01 -1.260181354874226756e+01 -6.164143660296439009e+01 1.549437750855396553e+04
6.766348205256430548e-01 -1.265571842894658339e+01 -4.618067261722271866e+01 1.542028463920045033e+04
6.637409867061853097e-01 -1.269420645742356335e+01 -3.081459897202126896e+01 1.530499682747355109e+04
6.508272065188539512e-01 -1.271739292198492954e+01 -1.558441060973334125e+01 1.514851407337327510e+04
6.379109929977282434e-01 -1.272543430538478759e+01 -5.313024727324925367e-01 1.495083637689961688e+04
6.250098591862033315e-01 -1.271852828531961421e+01 1.430353049660809361e+01 1.471196373805257463e+04
6.121413181241605050e-01 -1.269691373442824833e+01 2.887889335591491502e+01 1.443189615683214834e+04
5.993228828641017358e-01 -1.266087072029191951e+01 4.315359116281462093e+01 1.411063363323834346e+04
5.865712745726590072e-01 -1.261072050543421774e+01 5.708642897493305668e+01 1.374817616727118184e+04
5.739000471364825717e-01 -1.254682554732110766e+01 7.063621184989844437e+01 1.334452375893061617e+04
5.613219625562474446e-01 -1.246958949836093034e+01 8.376174484533653697e+01 1.289967640821667010e+04
5.488497828425430436e-01 -1.237945720590439969e+01 9.642183301887399693e+01 1.241363411512934181e+04
5.364962700098833137e-01 -1.227691471224460429e+01 1.085752814281374441e+02 1.188639687966862948e+04
5.242741860836601653e-01 -1.216248925461700736e+01 1.201808951307535125e+02 1.131796470183454039e+04
5.121954072195876728e-01 -1.203674926519943789e+01 1.311974791843487651e+02 1.070833758162706908e+04
5.002682663867060731e-01 -1.190030437111210837e+01 1.415838386465498502e+02 1.005751551904621192e+04
4.885002106865857785e-01 -1.175380539441759353e+01 1.512987785749834018e+02 9.365498514091976176e+03
4.768986872302367064e-01 -1.159794435212085340e+01 1.603011040272759828e+02 8.632286566764358213e+03
4.654711431336506777e-01 -1.143345445616921374e+01 1.685496200610543269e+02 7.857879677063361669e+03
4.542250255210064092e-01 -1.126111011345237500e+01 1.760031317339449686e+02 7.042277844988980178e+03
4.431669634768942156e-01 -1.108172391319302186e+01 1.826324945411458316e+02 6.221632383254986053e+03
4.323003141762099544e-01 -1.089611348824348802e+01 1.884567657281396578e+02 5.432094604575146150e+03
4.216276167542946096e-01 -1.070506837638246189e+01 1.935070529779808055e+02 4.673664508949460469e+03
4.111514103548821741e-01 -1.050934700770555885e+01 1.978144639737233206e+02 3.946342096377929465e+03
4.008742341271416265e-01 -1.030967670462535679e+01 2.014101063984213624e+02 3.250127366860552684e+03
3.907986272228616831e-01 -1.010675368187137657e+01 2.043250879351291189e+02 2.585020320397329670e+03
3.809266487736777673e-01 -9.901243046490078470e+00 2.065905162669007780e+02 1.951020956988261560e+03
3.712584379768056886e-01 -9.693778797844869288e+00 2.082374990767904137e+02 1.348129276633349036e+03
3.617936540061502670e-01 -9.484963827616105903e+00 2.092971440478521856e+02 7.763452793325908488e+02
3.525319560444584166e-01 -9.275369919801089935e+00 2.098005588631403100e+02 2.356689650859857750e+02
3.434730032740012651e-01 -9.065537750714064202e+00 2.097788512057088610e+02 -2.738996661064641103e+02
3.346164548803214345e-01 -8.855976888986226925e+00 2.092631287586121118e+02 -7.523606142447598586e+02
3.259616161444806037e-01 -8.647165795565713964e+00 2.082844992049041082e+02 -1.199713879328901612e+03
3.175063768192220026e-01 -8.439551823717605927e+00 2.068740702276390095e+02 -1.615959461358888348e+03
3.092482727521599362e-01 -8.233551219023933498e+00 2.050629495098710038e+02 -2.001097360334720634e+03
3.011848397921340070e-01 -8.029549119383679212e+00 2.028822447346542788e+02 -2.355127576256399152e+03
2.933136137912493169e-01 -7.827899555012757915e+00 2.003630635850429655e+02 -2.678050109123922539e+03
2.856321306026470830e-01 -7.628925448444038970e+00 1.975365137440911383e+02 -2.969864958937292158e+03
2.781378462664331752e-01 -7.432918614527335599e+00 1.944337028948530417e+02 -3.230572125696506191e+03
2.708278976053742904e-01 -7.240139760429408433e+00 1.910857387203828353e+02 -3.460171609401566457e+03
2.636993416302261806e-01 -7.050818485633962851e+00 1.875237289037346500e+02 -3.658663410052472500e+03
2.567492353534761018e-01 -6.865153281941648089e+00 1.837787811279626169e+02 -3.826047527649224321e+03
2.499746357878578351e-01 -6.683311533470059018e+00 1.798820030761208955e+02 -3.962323962191821010e+03
2.433725999466551659e-01 -6.505429516653743249e+00 1.758645024312636735e+02 -4.067492713680263478e+03
2.369400849881603266e-01 -6.331612400244186034e+00 1.717573868764450822e+02 -4.141553782114551723e+03
2.306736486759912996e-01 -6.161934245309822700e+00 1.675917640947193092e+02 -4.184507167494685746e+03
2.245697489187715168e-01 -5.996438005236032431e+00 1.633987417691404573e+02 -4.196352869820665546e+03
2.186248436251352345e-01 -5.835135525725142713e+00 1.592094275827626859e+02 -4.177090889092490215e+03
2.128353907044849558e-01 -5.678007544796421335e+00 1.550549292186401829e+02 -4.126721225310159753e+03
2.071978480659362742e-01 -5.525003692786088827e+00 1.509663543598270792e+02 -4.045243878473675977e+03
2.017087234044949717e-01 -5.376043856111985875e+00 1.469693556306794449e+02 -3.949024024677191846e+03
1.963647235457701423e-01 -5.231033178684986851e+00 1.430677654207612761e+02 -3.854426840014863046e+03
1.911626051004047533e-01 -5.089877063320431994e+00 1.392599610609383376e+02 -3.761452324486688667e+03
1.860991246788719355e-01 -4.952482535502790384e+00 1.355443198820765360e+02 -3.670100478092669164e+03
1.811710388923658543e-01 -4.818758243385669715e+00 1.319192192150416361e+02 -3.580371300832804536e+03
1.763751043506701088e-01 -4.688614457791809187e+00 1.283830363906994876e+02 -3.492264792707094330e+03
1.717081072092937755e-01 -4.561963072213083059e+00 1.249341487399160258e+02 -3.405780953715538999e+03
1.671669517979109398e-01 -4.438717602810501539e+00 1.215709335935570294e+02 -3.320919783858138544e+03
1.627485719891624549e-01 -4.318793188414205453e+00 1.182917682824883343e+02 -3.237681283134892510e+03
1.584499016566447149e-01 -4.202106590523473351e+00 1.150950301375758613e+02 -3.156065451545802262e+03
1.542678746746103668e-01 -4.088576193306713513e+00 1.119790964896853751e+02 -3.076072289090865979e+03
1.501994249147050875e-01 -3.978122003601473278e+00 1.089423446696827540e+02 -2.997701795770084118e+03
1.462415330059080865e-01 -3.870665650914429268e+00 1.059831520084338052e+02 -2.920953971583457587e+03
1.423913665892756475e-01 -3.766130387421398051e+00 1.030998958368044498e+02 -2.845828816530985478e+03
1.386461400601404492e-01 -3.664441087967325927e+00 1.002909534856604665e+02 -2.772326330612668244e+03
1.350030678160677455e-01 -3.565524250066293810e+00 9.755470228586771952e+01 -2.700446513828505431e+03
1.314593642514708394e-01 -3.469307993901517673e+00 9.488951956829205869e+01 -2.630189366178497949e+03
1.280122437616521280e-01 -3.375722062325347661e+00 9.229378266379931972e+01 -2.561554887662644887e+03
1.246590047842410509e-01 -3.284697820859269424e+00 8.976586890325538093e+01 -2.494543078280946702e+03
1.213972819049027596e-01 -3.196168257693899228e+00 8.730415561752603537e+01 -2.429153938033402937e+03
1.182247937536565624e-01 -3.110067983688989735e+00 8.490702013747718979e+01 -2.365387466920014504e+03
1.151392589567259983e-01 -3.026333232373433546e+00 8.257283979397476514e+01 -2.303243664940783674e+03
1.121383961436374088e-01 -2.944901859945240119e+00 8.029999191788432711e+01 -2.242722532095704537e+03
1.092199239406598105e-01 -2.865713345271572177e+00 7.808685384007195296e+01 -2.183824068384779821e+03
1.063815645507442675e-01 -2.788708789888715955e+00 7.593180289140342154e+01 -2.126548273808010435e+03
1.036210544719562560e-01 -2.713830918002095416e+00 7.383321640274454012e+01 -2.070895148365395471e+03
1.009361337743708426e-01 -2.641024076486267802e+00 7.178947170496122965e+01 -2.016864692056934700e+03
9.832454253080169515e-02 -2.570234234884925417e+00 6.979894612891928318e+01 -1.964456904882629260e+03
9.578402081240526555e-02 -2.501408985410893404e+00 6.786001700548460747e+01 -1.913671786842478468e+03
9.331230869051339305e-02 -2.434497542946131965e+00 6.597106166552293871e+01 -1.864509337936482098e+03
9.090724973428640499e-02 -2.369450710906384039e+00 6.413059398130310740e+01 -1.816559933956050145e+03
8.856710148813580485e-02 -2.306220505752318406e+00 6.233767399070519843e+01 -1.769413950692590333e+03
8.629022499614816266e-02 -2.244759781500671458e+00 6.059149827301226310e+01 -1.723071388146103345e+03
8.407498130100708733e-02 -2.185022195588897098e+00 5.889126340750732425e+01 -1.677532246316589180e+03
8.191973144537388618e-02 -2.126962208875166294e+00 5.723616597347342605e+01 -1.632796525204047612e+03
7.982283647184840181e-02 -2.070535085638365747e+00 5.562540255019357005e+01 -1.588864224808478411e+03
7.778266929375889094e-02 -2.015696893578100557e+00 5.405816971695080042e+01 -1.545735345129882035e+03
7.579765030428392558e-02 -1.962404503814690448e+00 5.253366405302814712e+01 -1.503409886168258254e+03
7.386621176761599961e-02 -1.910615590889175985e+00 5.105108213770864012e+01 -1.461887847923607296e+03
7.198678594749541304e-02 -1.860288632763311911e+00 4.960962055027526674e+01 -1.421169230395928935e+03
7.015780510779906498e-02 -1.811382910819569370e+00 4.820847587001111378e+01 -1.381254033585223397e+03
6.837770151179671518e-02 -1.763858509861138568e+00 4.684684467619916859e+01 -1.342142257491490227e+03
6.664495827864548583e-02 -1.717676318111925449e+00 4.552392354812247532e+01 -1.303833902114729881e+03
6.495826193948783800e-02 -1.672798027216553907e+00 4.423890906506403553e+01 -1.266328967454941903e+03
6.331634988128924391e-02 -1.629186132240363571e+00 4.299099780630692180e+01 -1.229627453512126976e+03
6.171795949060011194e-02 -1.586803931669412027e+00 4.177938635113412857e+01 -1.193729360286284873e+03
6.016182815364563147e-02 -1.545615527410472811e+00 4.060327127882869291e+01 -1.158634687777415138e+03
5.864669325663741939e-02 -1.505585824791037641e+00 3.946184916867363768e+01 -1.124343435985517999e+03
5.717132596809398892e-02 -1.466680532559314409e+00 3.835431659995199993e+01 -1.090855604910593684e+03
5.573463257948583355e-02 -1.428866162884228297e+00 3.727987015194679543e+01 -1.058171194552642191e+03
5.433555316466510271e-02 -1.392110031355420885e+00 3.623770640394106124e+01 -1.026290204911663068e+03
5.297302779738833484e-02 -1.356380256983251931e+00 3.522702193521781311e+01 -9.952126359876565402e+02
5.164599655109017307e-02 -1.321645762198796703e+00 3.424701332506008811e+01 -9.649384877806230634e+02
5.035339949918444385e-02 -1.287876272853848647e+00 3.329687715275090909e+01 -9.354677602905619551e+02
4.909420115550160169e-02 -1.255042318220917608e+00 3.237580999757329892e+01 -9.068004535174734428e+02
4.786746379128660467e-02 -1.223115230993230496e+00 3.148300843881030175e+01 -8.789365674613577539e+02
4.667227411840530610e-02 -1.192067147284731066e+00 3.061766905574492981e+01 -8.518761021222148884e+02
4.550771884817075147e-02 -1.161871006630080139e+00 2.977898842766020593e+01 -8.256190575000442777e+02
4.437288469225812021e-02 -1.132500551984656045e+00 2.896616313383918140e+01 -8.001654335948468315e+02
4.326685836191920820e-02 -1.103930329724553072e+00 2.817838975356485776e+01 -7.755152304066217539e+02
4.218875391668897717e-02 -1.076135689646583016e+00 2.741486486612027917e+01 -7.516684479353693860e+02
4.113779480434950203e-02 -1.049092784968274961e+00 2.667478505078846140e+01 -7.286250861810896140e+02
4.011323182111272562e-02 -1.022778572327874169e+00 2.595734688685244151e+01 -7.063851451437825517e+02
3.911431576283292549e-02 -9.971708117843436359e-01 2.526174695359523881e+01 -6.849486248234483128e+02
3.814029742526903882e-02 -9.722480668173630880e-01 2.458718183029988325e+01 -6.643155252200865561e+02
3.719042760417314714e-02 -9.479897043273289858e-01 2.393284809624940834e+01 -6.444858463336975092e+02
3.626397785958444808e-02 -9.243758946353548556e-01 2.329794233072682985e+01 -6.254595881642810582e+02
3.536030280561641009e-02 -9.013876114832716224e-01 2.268166111301518129e+01 -6.072367507118374306e+02
3.447877782078690584e-02 -8.790066320336265004e-01 2.208320102239749616e+01 -5.898173339763662852e+02
3.361877828329308537e-02 -8.572155368696841027e-01 2.150175863815679023e+01 -5.732013379578679633e+02
3.277967957144342637e-02 -8.359977099954262192e-01 2.093653053957610410e+01 -5.573887626563423510e+02
3.196085706338806093e-02 -8.153373388355509288e-01 2.038671330593845354e+01 -5.423796080717893346e+02
3.116170026870688017e-02 -7.952194142354738204e-01 1.985150351652686496e+01 -5.281738742042088006e+02
3.038165521959921081e-02 -7.756297304613274379e-01 1.933009775062437186e+01 -5.147715610536012036e+02
2.962018207981262363e-02 -7.565548851999610580e-01 1.882169258751400065e+01 -5.021726686199662026e+02
2.887674101289139025e-02 -7.379822795589411344e-01 1.832548460647878485e+01 -4.903771969033038545e+02
2.815079218240974096e-02 -7.199001180665509647e-01 1.784067038680174022e+01 -4.793851459036141591e+02
2.744179575180283326e-02 -7.022974086717905795e-01 1.736644650776590026e+01 -4.691965156208970598e+02
2.674922907112659703e-02 -6.851639627443776304e-01 1.690200954865428784e+01 -4.598113060551526701e+02
2.607263823475342371e-02 -6.684903950747460577e-01 1.644655608874993291e+01 -4.512295172063810469e+02
2.541158652378214255e-02 -6.522681238740476450e-01 1.599928270733586544e+01 -4.434511490745819629e+02
2.476563721898325868e-02 -6.364893707741497986e-01 1.555938598369510828e+01 -4.364762016597555316e+02
2.413435360146761605e-02 -6.211471608276385448e-01 1.512606249711069495e+01 -4.303046749619018669e+02
2.351729895197679845e-02 -6.062353225078154217e-01 1.469850882686565008e+01 -4.249365689810207982e+02
2.291404385496551704e-02 -5.917484877086998107e-01 1.427592155224299653e+01 -4.203718837171124392e+02
2.232418810842409784e-02 -5.776820917450277149e-01 1.385749725252576603e+01 -4.166106191701767330e+02
2.174733881407934707e-02 -5.640323733522527583e-01 1.344243250699700631e+01 -4.136527753402137932e+02
2.118310307327038455e-02 -5.507963746865438548e-01 1.302992389493970116e+01 -4.114983522272233927e+02
2.063108798761561016e-02 -5.379719413247885385e-01 1.261916799563690006e+01 -4.101473498312056449e+02
2.009090065860773613e-02 -5.255577222645908542e-01 1.220936138837163121e+01 -4.095997681521605500e+02
1.956216190741141836e-02 -5.135531087133986539e-01 1.179994549591886965e+01 -4.091210767142451346e+02
1.904454743301188871e-02 -5.019575607689013008e-01 1.139134111502137969e+01 -4.079767450416161978e+02
1.853774665396853288e-02 -4.907699340994259862e-01 1.098421388591387426e+01 -4.061667731342740808e+02
1.804144898899434288e-02 -4.799884187330654139e-01 1.057922944883106808e+01 -4.036911609922183857e+02
1.755534385657091939e-02 -4.696105390576773009e-01 1.017705344400767586e+01 -4.005499086154494535e+02
1.707912067530114111e-02 -4.596331538208852652e-01 9.778351511678406993e+00 -3.967430160039670568e+02
1.661247539042755988e-02 -4.500524561300774939e-01 9.383789292077976185e+00 -3.922704831577712525e+02
1.615513005291228932e-02 -4.408639734524081866e-01 8.994032425441101708e+00 -3.871323100768620975e+02
1.570681324034902543e-02 -4.320625676147959449e-01 8.609746552002489395e+00 -3.813284967612395349e+02
1.526725353053304778e-02 -4.236424348039254384e-01 8.231597311996859290e+00 -3.748590432109036783e+02
1.483617950098261445e-02 -4.155971055662464053e-01 7.860250345658921667e+00 -3.677239494258543573e+02
1.441331972920791883e-02 -4.079194448079734303e-01 7.496371293223385912e+00 -3.599232154060915718e+02
1.399840590991370363e-02 -4.006016517950871658e-01 7.140625794924974734e+00 -3.514568411516154924e+02
1.359118220553537371e-02 -3.936352601533328888e-01 6.793679490998394854e+00 -3.423248266624260054e+02
1.319139589548198530e-02 -3.870111378682214442e-01 6.456198021678358323e+00 -3.325271719385231677e+02
1.279879425903967041e-02 -3.807194872850290235e-01 6.128847027199583408e+00 -3.220638769799068655e+02
1.241312457577293561e-02 -3.747498451087969973e-01 5.812292147796782160e+00 -3.109349417865773262e+02
1.203413412486532309e-02 -3.690910824043319716e-01 5.507199023704666629e+00 -2.991403663585343224e+02
1.166158125129664914e-02 -3.637314045962057873e-01 5.214233295157950643e+00 -2.866801506957778543e+02
1.129526856135034535e-02 -3.586583514687559648e-01 4.934060602391348027e+00 -2.735542947983080353e+02
1.093500972663456576e-02 -3.538587971660848708e-01 4.667346585639571721e+00 -2.597627986661249224e+02
1.058061841888146073e-02 -3.493189501920602735e-01 4.414756885137335551e+00 -2.453056622992283735e+02
1.023190830988441463e-02 -3.450243534103154541e-01 4.176957141119352457e+00 -2.301828856976184170e+02
9.888693071151283265e-03 -3.409598840442486511e-01 3.954612993820336708e+00 -2.143944688612950813e+02
9.550785374034970535e-03 -3.371097536770235048e-01 3.748390083475000356e+00 -1.979404117902583096e+02
9.217993886941722170e-03 -3.334575082515691680e-01 3.558954050318057227e+00 -1.808207144845082155e+02
8.890126278027083925e-03 -3.299860280705796955e-01 3.386970534584220260e+00 -1.630353769440446570e+02
8.566990215290492053e-03 -3.266775277965148216e-01 3.233105176508205947e+00 -1.445843991688677761e+02
8.248393366758215509e-03 -3.235135564515990714e-01 3.098023616324722784e+00 -1.254677811589775160e+02
7.934143400457891945e-03 -3.204749974178228711e-01 2.982391494268488152e+00 -1.056855229143738768e+02
7.624049509993726867e-03 -3.175420684369414381e-01 2.886874450574213213e+00 -8.523762443505681574e+01
7.317926991197746048e-03 -3.146943216104755581e-01 2.812138125476612238e+00 -6.412408572102633286e+01
7.015592665460207954e-03 -3.119106433997111405e-01 2.758848159210397277e+00 -4.234490677228254896e+01
6.716863354186976623e-03 -3.091692546256993857e-01 2.727670192010284822e+00 -1.990008758882534323e+01
6.421555878770289841e-03 -3.064477104692569509e-01 2.719269864110984702e+00 3.210371829345246120e+00
6.129487060555376989e-03 -3.037229004709655622e-01 2.734312815747213410e+00 2.698647148222925551e+01
5.840496532063301979e-03 -3.009710485311724026e-01 2.773464687153681663e+00 5.142821136982663432e+01
5.554515169482766683e-03 -2.981677129099898904e-01 2.837391118565103731e+00 7.653559149213734258e+01
5.271496660168782135e-03 -2.952877862272956233e-01 2.926757750216193887e+00 1.023086118491614798e+02
4.991394691412054038e-03 -2.923054954627327118e-01 3.042230222341665069e+00 1.287472724408990246e+02
4.714162950514725128e-03 -2.891944019557092793e-01 3.184474175176230659e+00 1.558515732673499485e+02
4.439755124896441370e-03 -2.859274014053989621e-01 3.354155248954603152e+00 1.836215143285141949e+02
4.168043297053350416e-03 -2.824767238707405204e-01 3.551939083911497264e+00 2.120570956243919056e+02
3.898573132399589785e-03 -2.788139337704382270e-01 3.778491320281625487e+00 2.411583171549829956e+02
3.630808691412307308e-03 -2.749099298829613680e-01 4.034477598299702983e+00 2.709251789202874647e+02
3.364214034664487780e-03 -2.707349453465446310e-01 4.320563558200438692e+00 3.013576809203053699e+02
3.098253222771272814e-03 -2.662585476591879941e-01 4.637414840218551326e+00 3.324558231550366258e+02
2.832390316005903904e-03 -2.614496386786568372e-01 4.985697084588750272e+00 3.642196056244812326e+02
2.566405006603098612e-03 -2.562764546224815532e-01 5.366075931545751132e+00 3.966490283286391332e+02
2.301339507836889196e-03 -2.507065660679580477e-01 5.779217021324266845e+00 4.297440912675106119e+02
2.038551664917877260e-03 -2.447068779521476278e-01 6.225785994159012127e+00 4.635047944410954415e+02
1.779399322728563359e-03 -2.382436295718764196e-01 6.706448490284696362e+00 4.979311378493934512e+02
1.525240326190378283e-03 -2.312823945837363115e-01 7.221870149936036931e+00 5.330231214924051528e+02
1.277432520183289025e-03 -2.237880810040842328e-01 7.772716613347745884e+00 5.687807453701300346e+02
1.037333749616160252e-03 -2.157249312090424309e-01 8.359653520754536160e+00 6.052040094825683809e+02
8.063018593996288709e-04 -2.070565219344985275e-01 8.983346512391120697e+00 6.422929138297200780e+02
5.856946944314110224e-04 -1.977457642761053513e-01 9.644461228492215099e+00 6.800474584115852394e+02
3.768700996084577821e-04 -1.877549036892809942e-01 1.034366330929252875e+01 7.184676432281635243e+02
1.811859198320212006e-04 -1.770455199892089493e-01 1.108161839502678170e+01 7.575534682794556147e+02
2.706798998250193703e-30 -1.655785273508385280e-01 1.185899212592963714e+01 7.973049335654585548e+02
