1.000000000000000000e+00 0.000000000000000000e+00 4.799999999999999822e-01 4.799999999999999822e-01
0.000000000000000000e+00 0.000000000000000000e+00 0.000000000000000000e+00 0.000000000000000000e+00
4.810000000000000000e+02 0.000000000000000000e+00 4.799999999999999822e-01 4.799999999999999822e-01
-4.812240795804332586e-20 1.734840849690917897e-01 1.585648197786147939e+01 -1.358645209208215419e+03
1.811859198320317174e-04 1.886613793602413269e-01 1.449822206758163468e+01 -1.357953630343902205e+03
3.768700996084690035e-04 2.024806806115507507e-01 1.314041667918880840e+01 -1.357736165434183476e+03
5.856946944314228402e-04 2.149422061879297519e-01 1.178259169872840140e+01 -1.357992814479059234e+03
8.063018593996413392e-04 2.260457973838565504e-01 1.042466478633796001e+01 -1.357548255202117844e+03
1.037333749616173263e-03 2.357917228351034677e-01 9.067025230413202408e+00 -1.358513569658057577e+03
1.277432520183302686e-03 2.441793995667238815e-01 7.708697047148044490e+00 -1.356300683735386883e+03
1.525240326190391727e-03 2.512101639580174850e-01 6.351977236576824559e+00 -1.361427676909522006e+03
1.779399322728577454e-03 2.568809199467826376e-01 4.991518790853187504e+00 -1.349523377511088029e+03
2.038551664917891571e-03 2.611988523568938847e-01 3.639729676983305406e+00 -1.377221491826675901e+03
2.301339507836903941e-03 2.641473344009127588e-01 2.268160310137548041e+00 -1.311666097329120475e+03
2.566405006603113357e-03 2.657636249267958939e-01 9.342957990978447702e-01 -1.492415752513216376e+03
2.832390316005918649e-03 2.659926508647998955e-01 -2.960665363520315063e-01 -4.113514320867461151e+02
3.098253222771287126e-03 2.658104832837256959e-01 1.122245869584438394e-01 6.716078444420001006e+02
3.364214034664502091e-03 2.661943375953508828e-01 6.248053455613462592e-01 4.875357000588765004e+02
3.630808691412322053e-03 2.670871353586026786e-01 1.172926993347251923e+00 5.603565744889153848e+02
3.898573132399604530e-03 2.685304971616778724e-01 1.706348355877398859e+00 5.156670329336172927e+02
4.168043297053366028e-03 2.704981375312364711e-01 2.238707193412994734e+00 5.743158939738409572e+02
4.439755124896456982e-03 2.730114878100451947e-01 2.740556204930826301e+00 2.896929383312985919e+02
4.714162950514733802e-03 2.758150986697194829e-01 2.820363640212617984e+00 1.188169309982977673e+01
4.991394691412062712e-03 2.786576342815214602e-01 2.872491827241767659e+00 5.858715620221054365e+01
5.271496660168790808e-03 2.815533172442519771e-01 2.915778731522223222e+00 4.001495602014429664e+01
5.554515169482773622e-03 2.844915414806725162e-01 2.962627009961528834e+00 5.175856787649706803e+01
5.840496532063310653e-03 2.874792046710486493e-01 3.010017411591698888e+00 3.566681268229313417e+01
6.129487060555384795e-03 2.905104986388631905e-01 3.065816494350515953e+00 1.151426345612909614e+02
6.421555878770297647e-03 2.936567779966036129e-01 3.239673702172625180e+00 1.927315208153214314e+02
6.716863354186984429e-03 2.969882578657633276e-01 3.421155498397198791e+00 1.799482943174697027e+02
7.015592665460215760e-03 3.005011269973372201e-01 3.605334163194608976e+00 1.844566849807520441e+02
7.317926991197754721e-03 3.041979400860660432e-01 3.788017957054915730e+00 1.828123417326716549e+02
7.624049509993735541e-03 3.080777000872365612e-01 3.971497129496206924e+00 1.827828469933529618e+02
7.934143400457898884e-03 3.121406502854288112e-01 4.155213051155336679e+00 1.876415525951798600e+02
8.248393366758224182e-03 3.163912870833779367e-01 4.346960423333074530e+00 1.930408241365293520e+02
8.566990215290502461e-03 3.208344333278014826e-01 4.539169188779937691e+00 1.920635637325051448e+02
8.890126278027092599e-03 3.254697602627322217e-01 4.731556057896826317e+00 1.924918246247056004e+02
9.217993886941730844e-03 3.302975149434136948e-01 4.923896522533872222e+00 1.921511390304737006e+02
9.550785374034979208e-03 3.353174994700376943e-01 5.116173163605465035e+00 1.927549363793115162e+02
9.888693071151291938e-03 3.405299070531527805e-01 5.308078875739943747e+00 1.893761750704962878e+02
1.023190830988442331e-02 3.459316725685733229e-01 5.494852542686263774e+00 1.857785005811003884e+02
1.058061841888147114e-02 3.515195987154224877e-01 5.681164400292276540e+00 1.867663962621005851e+02
1.093500972663457443e-02 3.572941105279512364e-01 5.867662412880259026e+00 1.855855249524814781e+02
1.129526856135035402e-02 3.632545057220850637e-01 6.053526876807485024e+00 1.879789334735943385e+02
1.166158125129665955e-02 3.694021477168113465e-01 6.240691748303131448e+00 1.815867474217592985e+02
1.203413412486533177e-02 3.757350722866968917e-01 6.431483682600968699e+00 2.195444942198172953e+02
1.241312457577294255e-02 3.822875333748947391e-01 6.679748833112712170e+00 2.574065301277135518e+02
1.279879425903967041e-02 3.890937272324697105e-01 6.931601699854564202e+00 2.511834370301361332e+02
1.319139589548198530e-02 3.961517916859143007e-01 7.184864342530570269e+00 2.532062500053334304e+02
1.359118220553537371e-02 4.034628675920531871e-01 7.437235010620911524e+00 2.528914952475705604e+02
1.399840590991370363e-02 4.110267454060686498e-01 7.690288983541597290e+00 2.515016920374625897e+02
1.441331972920791883e-02 4.188431197274274376e-01 7.944217655919319832e+00 2.620496724978038969e+02
1.483617950098261445e-02 4.269215523374046417e-01 8.214422793019803493e+00 2.727010464059411561e+02
1.526725353053304778e-02 4.352716675013788006e-01 8.485545779095236441e+00 2.711305114061769359e+02
1.570681324034902543e-02 4.438930508093302252e-01 8.757234346116240076e+00 2.712115672586582491e+02
1.615513005291228932e-02 4.527857302086811253e-01 9.028307010176279235e+00 2.723069128023223016e+02
1.661247539042755988e-02 4.619503199720245701e-01 9.300261976481435156e+00 2.686436726276384661e+02
1.707912067530114111e-02 4.713857261776171481e-01 9.574285433917845367e+00 2.910536679118167740e+02
1.755534385657091939e-02 4.811121655452191836e-01 9.882287288695202676e+00 3.132175923663963317e+02
1.804144898899434288e-02 4.911497061983702839e-01 1.019225539138142622e+01 3.099858350133477529e+02
1.853774665396853288e-02 5.014975146325291178e-01 1.050338674269982420e+01 3.101374295940732395e+02
1.904454743301188871e-02 5.121556385427373792e-01 1.081324243639083882e+01 3.124255816385902449e+02
1.956216190741141836e-02 5.231253605189319922e-01 1.112492784336765617e+01 3.047835458550666203e+02
2.009090065860773613e-02 5.344044162544637766e-01 1.144101038202963849e+01 3.517440718575392111e+02
2.063108798761561016e-02 5.460352144183924228e-01 1.182840941323967421e+01 3.986848763308271373e+02
2.118310307327038455e-02 5.580601517940584344e-01 1.222019747631815534e+01 3.910777056847009590e+02
2.174733881407934707e-02 5.704769850773706574e-01 1.261383763245489575e+01 3.932889585760265732e+02
2.232418810842412907e-02 5.832869507166672518e-01 1.300614898310330503e+01 3.936209803666432094e+02
2.291404385496555174e-02 5.964901996333610290e-01 1.339972878131049150e+01 3.899005665241916176e+02
2.351729895197683315e-02 6.100857362689433572e-01 1.379549872560921031e+01 4.148259810542978698e+02
2.413435360146765074e-02 6.240960920715780125e-01 1.422935348741066264e+01 4.396696275591255585e+02
2.476563721898329337e-02 6.385437491056680237e-01 1.466536439631294897e+01 4.360925208204151318e+02
2.541158652378217725e-02 6.534277983084701980e-01 1.510273712061809803e+01 4.361111887815162049e+02
2.607263823475346187e-02 6.687482024849157325e-01 1.553856191332395120e+01 4.390552750865275584e+02
2.674922907112663520e-02 6.845066150177664399e-01 1.597665999606522469e+01 4.294363372137516990e+02
2.744179575180287142e-02 7.007001717284890852e-01 1.642026595038441883e+01 4.883114872398717807e+02
2.815079218240978259e-02 7.173820265785588735e-01 1.695322957897406013e+01 5.470264625532605578e+02
2.887674101289143189e-02 7.346052367774899006e-01 1.749163442072302033e+01 5.376880735628730008e+02
2.962018207981266527e-02 7.523671075002251740e-01 1.803249552706483527e+01 5.400190874675743089e+02
3.038165521959925244e-02 7.706689240348244541e-01 1.857137949324399173e+01 5.414707941297480147e+02
3.116170026870692181e-02 7.895114641630300856e-01 1.911244831323114823e+01 5.339560945123718056e+02
3.196085706338810950e-02 8.088926108755208899e-01 1.965789364135916983e+01 5.822472721662951471e+02
3.277967957144347494e-02 8.288559976674610974e-01 2.027691408669722861e+01 6.304521372206767182e+02
3.361877828329312701e-02 8.494452058850574527e-01 2.090027506954159620e+01 6.230884634982758143e+02
3.447877782078694747e-02 8.706582096604148502e-01 2.152591939074517313e+01 6.242099209300537268e+02
3.536030280561646560e-02 8.924955885010166234e-01 2.214935548865922144e+01 6.273131101343805085e+02
3.626397785958450359e-02 9.149590675790993943e-01 2.277569412039996521e+01 6.158618274967992647e+02
3.719042760417320959e-02 9.380452890982303726e-01 2.340860159785867722e+01 6.869779074767855036e+02
3.814029742526908046e-02 9.618184627863594072e-01 2.414954698143853307e+01 7.577851257117661135e+02
3.911431576283296713e-02 9.863426118258541431e-01 2.489693275189683774e+01 7.468750517906327104e+02
4.011323182111278113e-02 1.011614705124135982e+00 2.564757391300784661e+01 7.487954618336334534e+02
4.113779480434953673e-02 1.037635757789530322e+00 2.639517929668150487e+01 7.526827352288811426e+02
4.218875391668899105e-02 1.064407921950657254e+00 2.714665442547696017e+01 7.377151346582485303e+02
4.326685836191922901e-02 1.091926844363942273e+00 2.790678203599857454e+01 8.312649440893524115e+02
4.437288469225815490e-02 1.120277024354177753e+00 2.880915484509853641e+01 9.247263478490597208e+02
4.550771884817077922e-02 1.149542907828345673e+00 2.972014327603146810e+01 9.099133846130603160e+02
4.667227411840532691e-02 1.179720234831776571e+00 3.063510219292350456e+01 9.134621571735956422e+02
4.786746379128663936e-02 1.210810954325264088e+00 3.154678892191065032e+01 9.161749243301072738e+02
4.909420115550164332e-02 1.242816532764777993e+00 3.246218812836945489e+01 9.030959518438216946e+02
5.035339949918447161e-02 1.275733259077833193e+00 3.338518851238839602e+01 9.866400397278551964e+02
5.164599655109021470e-02 1.309636612528899624e+00 3.443541660095820589e+01 1.070029307010988077e+03
5.297302779738836953e-02 1.344601978839066181e+00 3.549318133476752024e+01 1.057221199365561006e+03
5.433555316466513047e-02 1.380625810500279105e+00 3.655483560641140883e+01 1.059342911886398952e+03
5.573463257948587518e-02 1.417709219038340018e+00 3.761280301838743156e+01 1.064272203948541801e+03
5.717132596809403056e-02 1.455854939534816372e+00 3.867553903217594069e+01 1.045678549613004179e+03
5.864669325663746102e-02 1.495057531407977480e+00 3.974893142590045159e+01 1.161398820138499332e+03
6.016182815364567310e-02 1.535421471079443156e+00 4.099813258511631631e+01 1.276506828654134779e+03
6.171795949060015357e-02 1.577050865217522579e+00 4.225773563504927210e+01 1.258986492691419699e+03
6.331634988128924391e-02 1.619940921070019302e+00 4.352280645740612641e+01 1.261568817449727931e+03
6.495826193948783800e-02 1.664092964782682538e+00 4.478254944081123767e+01 1.269179654795676242e+03
6.664495827864548583e-02 1.709511227679886947e+00 4.604932388597921289e+01 1.241264849086808681e+03
6.837770151179671518e-02 1.756187565423056096e+00 4.733231912649699780e+01 1.415070005914352805e+03
7.015780510779906498e-02 1.804279014699551542e+00 4.887963000745590136e+01 1.589373491685829094e+03
7.198678594749541304e-02 1.853942913146198634e+00 5.044336882373133335e+01 1.560585119045331112e+03
7.386621176761599961e-02 1.905170589136207404e+00 5.201356994281225354e+01 1.570105838201898678e+03
7.579765030428392558e-02 1.957967420481349974e+00 5.357977856786296655e+01 1.568220760541981690e+03
7.778266929375889094e-02 2.012332197220450869e+00 5.514890999756055834e+01 1.563031283875066720e+03
7.982283647184840181e-02 2.068263818721477687e+00 5.672109504781690958e+01 1.603603543819555853e+03
8.191973144537391394e-02 2.125798942053460650e+00 5.835571023374316724e+01 1.642955249394464317e+03
8.407498130100711509e-02 2.184973487144580506e+00 5.999287158557795152e+01 1.639905071885626512e+03
8.629022499614819042e-02 2.245787644613307155e+00 6.163434960040173394e+01 1.633342563038752132e+03
8.856710148813584649e-02 2.308237396550535170e+00 6.326856433350526032e+01 1.653802919741293636e+03
9.090724973428644662e-02 2.372334338393805808e+00 6.491550338508645268e+01 1.594907112050201476e+03
9.331230869051339305e-02 2.438060636779025181e+00 6.659617627720490418e+01 1.949404463156894053e+03
9.578402081240526555e-02 2.505736354992741610e+00 6.881437377275763367e+01 2.304086198335815880e+03
9.832454253080169515e-02 2.575681667254939633e+00 7.106638007445995697e+01 2.244862135264992958e+03
1.009361337743708426e-01 2.647878542038774707e+00 7.333089958877593517e+01 2.266042708659131222e+03
1.036210544719562560e-01 2.722339007068298677e+00 7.558865563989628811e+01 2.257793726407462600e+03
1.063815645507442675e-01 2.799058087464389111e+00 7.784977360222802645e+01 2.259404426067229906e+03
1.092199239406598105e-01 2.878037367117086909e+00 8.011064381419114966e+01 2.270553092208196176e+03
1.121383961436374088e-01 2.959287238002956677e+00 8.239103235049762475e+01 2.282159449908806891e+03
1.151392589567259983e-01 3.042818369556810065e+00 8.467136758630968529e+01 2.282980424512150876e+03
1.182247937536567151e-01 3.128631868689566442e+00 8.695454181708491603e+01 2.276447251804468124e+03
1.213972819049029400e-01 3.216723790310107134e+00 8.923216303383910031e+01 2.293616910858245319e+03
1.246590047842412452e-01 3.307103883811520539e+00 9.151999551885802475e+01 2.245446210081868230e+03
1.280122437616522668e-01 3.399757458804397725e+00 9.383519657953127080e+01 2.533698885890750716e+03
1.314593642514710614e-01 3.494944649311683360e+00 9.658705980470955410e+01 2.820951103909650101e+03
1.350030678160679121e-01 3.592924984710943459e+00 9.936587393960843428e+01 2.774528778702136151e+03
1.386461400601406158e-01 3.693684830496031246e+00 1.021560437906166641e+02 2.787885739003131675e+03
1.423913665892758695e-01 3.797231646867874399e+00 1.049379848086265383e+02 2.790260872339665184e+03
1.462415330059082808e-01 3.903566549484508208e+00 1.077278670250967565e+02 2.766540475078455074e+03
1.501994249147053095e-01 4.012683224086592837e+00 1.105319918002765291e+02 2.925598202296406726e+03
1.542678746746106166e-01 4.124725602532565816e+00 1.135794859960550269e+02 3.085923628610751166e+03
1.584499016566449370e-01 4.239838382931889527e+00 1.166417523564546315e+02 3.059988951794924105e+03
1.627485719891626492e-01 4.358013914138189726e+00 1.197105113203719355e+02 3.067196537160267781e+03
1.671669517979111896e-01 4.479256212602401810e+00 1.227744283137900823e+02 3.069252771570298137e+03
1.717081072092940253e-01 4.603566317185028289e+00 1.258432302508784346e+02 3.053949168078007915e+03
1.763751043506704419e-01 4.730940047601767340e+00 1.289210333140914031e+02 3.154765557021646146e+03
1.811710388923659931e-01 4.861468540323458321e+00 1.321527483566554224e+02 3.255542921166563701e+03
1.860991246788721021e-01 4.995242908871716736e+00 1.353934507780097363e+02 3.240315150067350260e+03
1.911626051004049198e-01 5.132259018797190819e+00 1.386390835653891997e+02 3.242202104765376589e+03
1.963647235457702811e-01 5.272517807172028448e+00 1.418797603659324409e+02 3.249805194639285219e+03
2.017087234044950828e-01 5.416023507480875132e+00 1.451271209121386789e+02 3.222689156925907810e+03
2.071978480659363853e-01 5.562768274373381061e+00 1.483906483867266957e+02 3.392102240039782373e+03
2.128353907044850668e-01 5.712905395988660651e+00 1.519123353231494207e+02 3.564545115947168142e+03
2.186248436251354010e-01 5.866589990301609880e+00 1.554514489455148691e+02 3.532118972536059118e+03
2.245697489187717111e-01 6.023811007049787669e+00 1.589937871189897862e+02 3.551334381429735913e+03
2.306736486759914939e-01 6.184579651326229666e+00 1.625392902957067633e+02 3.526067552320659615e+03
2.369400849881605209e-01 6.348881417582607156e+00 1.660741399341004580e+02 3.585453854619551294e+03
2.433725999466553047e-01 6.516735058762091803e+00 1.695758822788891962e+02 3.241892978748474434e+03
2.499746357878580294e-01 6.687830848822334140e+00 1.725589494996332292e+02 2.901402926984883834e+03
2.567492353534762684e-01 6.861860916145814393e+00 1.755101854778739607e+02 2.955404910266273419e+03
2.636993416302264026e-01 7.038840763912861398e+00 1.784472614533681849e+02 2.941913293154812436e+03
2.708278976053745679e-01 7.218762956514019891e+00 1.813957382280134141e+02 2.933600167532677460e+03
2.781378462664333973e-01 7.401623031564732891e+00 1.843315909165167739e+02 2.976674426160191615e+03
2.856321306026473050e-01 7.587433327714331988e+00 1.872432737712350672e+02 2.702308757491583492e+03
2.933136137912494834e-01 7.775946431629479072e+00 1.897382044637267597e+02 2.433931185503529377e+03
3.011848397921342846e-01 7.966918545893983072e+00 1.922114527976584668e+02 2.466503579764498681e+03
3.092482727521602692e-01 8.160355670052478416e+00 1.946652368801593695e+02 2.481151744736226647e+03
3.175063768192222247e-01 8.356267127963056041e+00 1.971464843165221055e+02 2.413983997881513460e+03
3.259616161444808813e-01 8.554614945180860630e+00 1.995827061132937388e+02 2.615319963140962500e+03
3.346164548803216010e-01 8.755460069444495730e+00 2.019050725735714593e+02 1.400500920702598933e+03
3.434730032740015426e-01 8.957706479585802128e+00 2.023868477825743071e+02 1.951013618902336759e+02
3.525319560437614741e-01 9.160263843494178104e+00 2.027586849180583499e+02 3.799306651971106135e+02
3.617936540061504891e-01 9.363183146095652276e+00 2.030747412245886494e+02 3.488563033643345079e+02
3.712584379768059106e-01 9.566448082093510052e+00 2.034435058968496151e+02 2.791070577194223006e+02
3.809266487736781559e-01 9.770019963422619469e+00 2.037443084341639121e+02 5.434170944838145942e+02
3.907986272228620162e-01 9.973976162743090512e+00 2.038939436733201660e+02 -1.101462106242963046e+03
4.008742341271418486e-01 1.017683181002212045e+01 2.015450244808934031e+02 -2.735420529323445862e+03
4.111514103548821741e-01 1.037710863086821078e+01 1.990494790002335606e+02 -2.490249795723398165e+03
4.216276167542946096e-01 1.057487244532794257e+01 1.964734985268788705e+02 -2.518158149826761928e+03
4.323003141762099544e-01 1.077010968524735723e+01 1.939794971386152156e+02 -2.647063189824488745e+03
4.431669634768637400e-01 1.096274839433139725e+01 1.913735015650377420e+02 -2.193579976398720646e+03
4.542250255210064092e-01 1.115292227073404163e+01 1.885073263658241558e+02 -4.995129222953853059e+03
4.654711431336506777e-01 1.133810180987930671e+01 1.813864109814280994e+02 -7.787174882614697708e+03
4.768986872302367064e-01 1.151576324630485892e+01 1.740092652522101559e+02 -7.350354587429262210e+03
4.885002106865857785e-01 1.168603022074903031e+01 1.665092722307592794e+02 -7.442823019674725401e+03
5.002682663867060731e-01 1.184885265206235161e+01 1.591167387681411469e+02 -7.555932786078750723e+03
5.121954072195876728e-01 1.200416851628571635e+01 1.515948694431133390e+02 -7.076654198948082922e+03
5.242741860836601653e-01 1.215211547188845920e+01 1.437944126835411112e+02 -1.010442867192908852e+04
5.364962700098833137e-01 1.228995794586656842e+01 1.313858002884393272e+02 -1.313283857735748825e+04
5.488497828424899749e-01 1.241495998104584331e+01 1.186983346429220489e+02 -1.265245114049811673e+04
5.613219625562474446e-01 1.252725990501324738e+01 1.058822577219446828e+02 -1.276798456013396935e+04
5.739000471364825717e-01 1.262679423851774274e+01 9.317194191156433192e+01 -1.285478881303905109e+04
5.865712745726590072e-01 1.271351612811115395e+01 8.034205970367827376e+01 -1.243345424250898031e+04
5.993228828641022909e-01 1.278754434418764774e+01 6.726415632891632868e+01 -1.513475096486894836e+04
6.121413181241610602e-01 1.284643670987520103e+01 5.006816007765112175e+01 -1.784924077609659435e+04
6.250098591862039976e-01 1.288774308116865619e+01 3.261866030471982469e+01 -1.740477400333411424e+04
6.379109929977290205e-01 1.291159619128324287e+01 1.506466336884145640e+01 -1.754215333699587063e+04
6.508272065188545064e-01 1.291791882071029640e+01 -2.418955771413881628e+00 -1.753946087708344203e+04
6.637409867061859758e-01 1.290671475923812928e+01 -1.996317847388288058e+01 -1.738352868284329452e+04
6.766348205256437209e-01 1.287802215845140807e+01 -3.760605566394153954e+01 -1.848772406912628867e+04
6.894908679562830045e-01 1.283083937301353039e+01 -5.694846894024541939e+01 -1.962144643973906568e+04
7.022899811467626652e-01 1.276414692732859812e+01 -7.640180377269217615e+01 -1.941373449816926950e+04
7.150126852618606810e-01 1.267801422591169924e+01 -9.588202287176787308e+01 -1.952427736215120603e+04
7.276395054716430222e-01 1.257237707468797261e+01 -1.153710482756993230e+02 -1.939688956224721187e+04
7.401509669433389282e-01 1.244730884368369495e+01 -1.348125628694909324e+02 -1.967978438202896359e+04
7.525275948394946068e-01 1.230271887135453213e+01 -1.540984448111677807e+02 -1.806616251604217177e+04
7.647503822343822977e-01 1.214006074904105681e+01 -1.709528377746542844e+02 -1.647639026929230022e+04
7.768021936934081939e-01 1.196077366606474612e+01 -1.876615069239320235e+02 -1.671746274508125134e+04
7.886663616955330580e-01 1.176479220335827236e+01 -2.042954312051485886e+02 -1.668153904186554064e+04
8.003262187103232783e-01 1.155213481767213501e+01 -2.210021207588545167e+02 -1.657822259222403227e+04
8.117650972079519800e-01 1.132285896575541884e+01 -2.376128509430278655e+02 -1.695782980287742612e+04
8.229663296478625378e-01 1.107685336385143060e+01 -2.540054611021796518e+02 -1.460047922624289822e+04
8.339139369722954331e-01 1.081624659796848320e+01 -2.668165484063633244e+02 -1.225134568215716899e+04
8.445946938228456879e-01 1.054316229110356318e+01 -2.794129336657625799e+02 -1.261655573587720937e+04
8.549960633200324178e-01 1.025749784904491335e+01 -2.919039777095335921e+02 -1.254471928384494458e+04
8.651055085759211671e-01 9.959291828103278732e+00 -3.044898106300058771e+02 -1.243519802147281371e+04
8.749104927018939160e-01 9.648604567449510228e+00 -3.169585405151252075e+02 -1.287817704703855088e+04
8.843984787968275363e-01 9.325308188197437786e+00 -3.291699309291382747e+02 -1.009245468777024689e+04
8.935577449596143751e-01 8.991919518699006630e+00 -3.371427921250216286e+02 -7.304759031569628860e+03
9.023798290122809762e-01 8.650956578830776067e+00 -3.448574943452057937e+02 -7.751199434153738366e+03
9.108570837763038108e-01 8.302289400391149599e+00 -3.524573475422930073e+02 -7.634109483629424176e+03
9.189818620607791422e-01 7.945982866853972482e+00 -3.601466957681490726e+02 -7.579966900158231510e+03
9.267465166760481265e-01 7.582065474764337232e+00 -3.677408479518108493e+02 -7.896524144291230186e+03
9.341434004209938635e-01 7.210449485535081138e+00 -3.751480360380466550e+02 -5.837957332369584037e+03
9.411654698005776920e-01 6.832996235157749787e+00 -3.794139778793719984e+02 -3.771036308913826360e+03
9.478080959117143323e-01 6.451572111010882793e+00 -3.834894584983645700e+02 -4.102164812928833271e+03
9.540672535848757629e-01 6.066080574787943824e+00 -3.874792965578001258e+02 -4.016260474655461167e+03
9.599389175909146532e-01 5.676569193669264379e+00 -3.915363171320143465e+02 -3.973369189398682920e+03
9.654190627551726411e-01 5.283060640135333053e+00 -3.955212478400154623e+02 -4.216116614395408760e+03
9.705036638492361423e-01 4.885487721265663552e+00 -3.993615452461722271e+02 -2.637848695493288687e+03
9.751891591516412827e-01 4.485278137878767168e+00 -4.007922085179355349e+02 -1.045370637391820992e+03
9.794738406635069561e-01 4.083868160816741977e+00 -4.020723786719044028e+02 -1.313169032135962425e+03
9.833564638434608707e-01 3.681175480706834868e+00 -4.032966826451911970e+02 -1.215375615831277628e+03
9.868357841612578341e-01 3.277255732693189927e+00 -4.045498990551971019e+02 -1.257889654416909480e+03
9.899105570855271097e-01 2.872083461182958430e+00 -4.057909973226989564e+02 -1.236009799024361428e+03
9.925795380849895544e-01 2.465670203034758146e+00 -4.070418260090249873e+02 -1.273852010969544153e+03
9.948414728867966961e-01 2.057983155559744315e+00 -4.083384506080151368e+02 -1.310942013046141028e+03
9.966950683757610507e-01 1.648989967686784075e+00 -4.096445035747165662e+02 -1.290412633920407870e+03
9.981390216835790419e-01 1.238701361948059576e+00 -4.109392968032324234e+02 -1.329946036923926158e+03
9.991720299579720521e-01 8.270936784748114112e-01 -4.122609224389634619e+02 -1.239059811124669523e+03
9.997927903518315507e-01 4.142185913903650429e-01 -4.135307916257755778e+02 -1.488299186206768582e+03
1.000000000000000000e+00 -1.258056198347589870e-13 -4.146583412907738762e+02 5.203871707404536181e-07
9.997927903518315507e-01 -4.142185913902471373e-01 -4.135307916252922382e+02 1.488299185575026513e+03
9.991720299579720521e-01 -8.270936784747764392e-01 -4.122609224395561682e+02 1.239059810832661015e+03
9.981390216835789309e-01 -1.238701361948307822e+00 -4.109392968029650319e+02 1.329946038076071318e+03
9.966950683757610507e-01 -1.648989967686490088e+00 -4.096445035743127505e+02 1.290412632593321177e+03
9.948414728867966961e-01 -2.057983155559869548e+00 -4.083384506089403772e+02 1.310942013624374795e+03
9.925795380849895544e-01 -2.465670203034926899e+00 -4.070418260082733468e+02 1.273852011027394155e+03
9.899105570855269987e-01 -2.872083461183050357e+00 -4.057909973232579546e+02 1.236009799313492977e+03
9.868357841612576120e-01 -3.277255732693002077e+00 -4.045498990542141087e+02 1.257889653896466598e+03
9.833564638434607597e-01 -3.681175480706787351e+00 -4.032966826463862162e+02 1.215375615715636741e+03
9.794738406635068451e-01 -4.083868160816910731e+00 -4.020723786709984324e+02 1.313169032887716639e+03
9.751891591516411717e-01 -4.485278137878599303e+00 -4.007922085184173966e+02 1.045370636640096336e+03
9.705036638492359202e-01 -4.885487721265691974e+00 -3.993615452459023913e+02 2.637848695840211349e+03
9.654190627551725301e-01 -5.283060640135347263e+00 -3.955212478403430509e+02 4.216116614221918098e+03
9.599389175909145422e-01 -5.676569193669375402e+00 -3.915363171318409172e+02 3.973369189456503591e+03
9.540672535848755409e-01 -6.066080574788087709e+00 -3.874792965579929955e+02 4.016260475002412932e+03
9.478080959117139992e-01 -6.451572111010791311e+00 -3.834894584978056287e+02 4.102164812639730371e+03
9.411654698005774700e-01 -6.832996235157668075e+00 -3.794139778799694795e+02 3.771036308509083483e+03
9.341434004209936415e-01 -7.210449485535258773e+00 -3.751480360376803560e+02 5.837957333699542687e+03
9.267465166760479045e-01 -7.582065474763859392e+00 -3.677408479514060105e+02 7.896524142383008439e+03
9.189818620607790312e-01 -7.945982866854237159e+00 -3.601466957695562314e+02 7.579966901140765003e+03
9.108570837763034778e-01 -8.302289400391416052e+00 -3.524573475408863601e+02 7.634109484612904453e+03
9.023798290122806431e-01 -8.650956578830319543e+00 -3.448574943456870869e+02 7.751199432015152524e+03
8.935577449596142641e-01 -8.991919518699379665e+00 -3.371427921255415754e+02 7.304759033360817739e+03
8.843984787968272032e-01 -9.325308188197357850e+00 -3.291699309280792818e+02 1.009245468736503062e+04
8.749104927018936939e-01 -9.648604567449249103e+00 -3.169585405159347147e+02 1.287817704599955869e+04
8.651055085759209451e-01 -9.959291828103623345e+00 -3.044898106300049676e+02 1.243519802285964579e+04
8.549960633200321958e-01 -1.025749784904485473e+01 -2.919039777090719667e+02 1.254471928315011974e+04
8.445946938228454659e-01 -1.054316229110355785e+01 -2.794129336661958405e+02 1.261655573596697468e+04
8.339139369722949890e-01 -1.081624659796853116e+01 -2.668165484060900212e+02 1.225134568192767620e+04
8.229663296478623158e-01 -1.107685336385166330e+01 -2.540054611026870646e+02 1.460047922684871628e+04
8.117650972079514249e-01 -1.132285896575537443e+01 -2.376128509421005788e+02 1.695782980264586513e+04
8.003262187103227232e-01 -1.155213481767199646e+01 -2.210021207596225565e+02 1.657822259176116859e+04
7.886663616955323919e-01 -1.176479220335837539e+01 -2.042954312046566940e+02 1.668153904264091761e+04
7.768021936934076388e-01 -1.196077366606455605e+01 -1.876615069241100286e+02 1.671746274421271664e+04
7.647503822343816315e-01 -1.214006074904118115e+01 -1.709528377748581534e+02 1.647639026990385901e+04
7.525275948394940517e-01 -1.230271887135455700e+01 -1.540984448109164191e+02 1.806616251575259594e+04
7.401509669433381511e-01 -1.244730884368376067e+01 -1.348125628696845979e+02 1.967978438260628172e+04
7.276395054716423560e-01 -1.257237707468770971e+01 -1.153710482751019413e+02 1.939688956126557969e+04
7.150126852618601259e-01 -1.267801422591183069e+01 -9.588202287290432935e+01 1.952427736267208093e+04
7.022899811467619990e-01 -1.276414692732871714e+01 -7.640180377151595792e+01 1.941373449880394401e+04
6.894908679562823384e-01 -1.283083937301320887e+01 -5.694846894092079737e+01 1.962144643806262684e+04
6.766348205256430548e-01 -1.287802215845183440e+01 -3.760605566419134504e+01 1.848772407091929927e+04
6.637409867061853097e-01 -1.290671475923804223e+01 -1.996317847307365412e+01 1.738352868180153382e+04
6.508272065188539512e-01 -1.291791882071034436e+01 -2.418955772185177988e+00 1.753946087789297599e+04
6.379109929977282434e-01 -1.291159619128297109e+01 1.506466336985792687e+01 1.754215333542120425e+04
6.250098591862033315e-01 -1.288774308116899725e+01 3.261866030335281863e+01 1.740477400703612511e+04
6.121413181241605050e-01 -1.284643670987402153e+01 5.006816007982629912e+01 1.784924076633929872e+04
5.993228828641017358e-01 -1.278754434419072439e+01 6.726415632392679811e+01 1.513475098932848050e+04
5.865712745726590072e-01 -1.271351612810376785e+01 8.034205971584195538e+01 1.243345418439566856e+04
5.739000471364825717e-01 -1.262679423853546368e+01 9.317194188049916193e+01 1.285478894280795976e+04
5.613219625562474446e-01 -1.252725990496525021e+01 1.058822578378598820e+02 1.276798441042621744e+04
5.488497828425430436e-01 -1.241495998104601384e+01 1.186983344557492188e+02 1.265245114123734129e+04
5.364962700098833137e-01 -1.228995794591437196e+01 1.313858004050025841e+02 1.313283872605244142e+04
5.242741860836601653e-01 -1.215211547187076846e+01 1.437944126514874199e+02 1.010442854176746732e+04
5.121954072195876728e-01 -1.200416851629352166e+01 1.515948694560563865e+02 7.076654260039023029e+03
5.002682663867060731e-01 -1.184885265205824822e+01 1.591167387635056798e+02 7.555932754131164984e+03
4.885002106865857785e-01 -1.168603022075238584e+01 1.665092722301427841e+02 7.442823045695569817e+03
4.768986872302367064e-01 -1.151576324629986736e+01 1.740092652587444206e+02 7.350354548802753015e+03
4.654711431336506777e-01 -1.133810180988966287e+01 1.813864109632907855e+02 7.787174958537299062e+03
4.542250255210064092e-01 -1.115292227070673725e+01 1.885073264325429818e+02 4.995129138443676311e+03
4.431669634768942156e-01 -1.096274839433090698e+01 1.913735014580248617e+02 2.193579971890297202e+03
4.323003141762099544e-01 -1.077010968527636692e+01 1.939794972036009710e+02 2.647063287169080468e+03
4.216276167542946096e-01 -1.057487244531419002e+01 1.964734985142316930e+02 2.518158048053774110e+03
4.111514103548821741e-01 -1.037710863088041258e+01 1.990494789938992426e+02 2.490249891510623002e+03
4.008742341271416265e-01 -1.017683181000210446e+01 2.015450245093313413e+02 2.735420371202651040e+03
3.907986272228616831e-01 -9.973976162786325261e+00 2.038939436013753266e+02 1.101462446106981133e+03
3.809266487736777673e-01 -9.770019963323523626e+00 2.037443086052098806e+02 -5.434178679949068282e+02
3.712584379768056886e-01 -9.566448082326338920e+00 2.034435054749081360e+02 -2.791053535289298679e+02
3.617936540061502670e-01 -9.363183145467774082e+00 2.030747427577856854e+02 -3.488582601620213381e+02
3.525319560444584166e-01 -9.160263843494204750e+00 2.027586824552321048e+02 -3.799306648510910804e+02
3.434730032740012651e-01 -8.957706480213518674e+00 2.023868493159727109e+02 -1.950994058724859030e+02
3.346164548803214345e-01 -8.755460069211771668e+00 2.019050721512151370e+02 -1.400502623709786349e+03
3.259616161444806037e-01 -8.554614945279622518e+00 1.995827062850017910e+02 -2.615319192201161968e+03
3.175063768192220026e-01 -8.356267127920590454e+00 1.971464842431439308e+02 -2.413984331699213271e+03
3.092482727521599362e-01 -8.160355670070730483e+00 1.946652369117122134e+02 -2.481151600870743550e+03
3.011848397921340070e-01 -7.966918545886058745e+00 1.922114527841370659e+02 -2.466503641838444310e+03
2.933136137912493169e-01 -7.775946431632882572e+00 1.897382044694033993e+02 -2.433931158701827826e+03
2.856321306026470830e-01 -7.587433327712862940e+00 1.872432737689222790e+02 -2.702308768998601408e+03
2.781378462664331752e-01 -7.401623031565345734e+00 1.843315909173842329e+02 -2.976674421361245550e+03
2.708278976053742904e-01 -7.218762956513825380e+00 1.813957382276562669e+02 -2.933600169354346235e+03
2.636993416302261806e-01 -7.038840763912916465e+00 1.784472614536475987e+02 -2.941913292431317586e+03
2.567492353534761018e-01 -6.861860916145705147e+00 1.755101854777296637e+02 -2.955404910700193341e+03
2.499746357878578351e-01 -6.687830848822343022e+00 1.725589494996523285e+02 -2.901402926753602060e+03
2.433725999466551659e-01 -6.516735058762075816e+00 1.695758822788557438e+02 -3.241892978907147153e+03
2.369400849881603266e-01 -6.348881417582670217e+00 1.660741399340234921e+02 -3.585453854504354695e+03
2.306736486759912996e-01 -6.184579651326280292e+00 1.625392902957980255e+02 -3.526067552248495304e+03
2.245697489187715168e-01 -6.023811007049762800e+00 1.589937871190331293e+02 -3.551334381472753194e+03
2.186248436251352345e-01 -5.866589990301545043e+00 1.554514489455438593e+02 -3.532118972623026821e+03
2.128353907044849558e-01 -5.712905395988630453e+00 1.519123353230673956e+02 -3.564545115932365206e+03
2.071978480659362742e-01 -5.562768274373383726e+00 1.483906483867368706e+02 -3.392102240068470564e+03
2.017087234044949717e-01 -5.416023507480923982e+00 1.451271209120519927e+02 -3.222689156839872794e+03
1.963647235457701423e-01 -5.272517807172055981e+00 1.418797603660573543e+02 -3.249805194610597482e+03
1.911626051004047533e-01 -5.132259018797168615e+00 1.386390835653450893e+02 -3.242202104838473588e+03
1.860991246788719355e-01 -4.995242908871714071e+00 1.353934507780032561e+02 -3.240315150197778621e+03
1.811710388923658543e-01 -4.861468540323560461e+00 1.321527483565384102e+02 -3.255542920790419885e+03
1.763751043506701088e-01 -4.730940047601685627e+00 1.289210333144704350e+02 -3.154765557239019472e+03
1.717081072092937755e-01 -4.603566317184931478e+00 1.258432302505304392e+02 -3.053949168277390527e+03
1.671669517979109398e-01 -4.479256212602451548e+00 1.227744283139322476e+02 -3.069252771265933916e+03
1.627485719891624549e-01 -4.358013914138152423e+00 1.197105113203384832e+02 -3.067196537234740845e+03
1.584499016566447149e-01 -4.239838382931820249e+00 1.166417523565268795e+02 -3.059988952011181027e+03
1.542678746746103668e-01 -4.124725602532633317e+00 1.135794859957854896e+02 -3.085923628379455295e+03
1.501994249147050875e-01 -4.012683224086616818e+00 1.105319918006042599e+02 -2.925598202238815702e+03
1.462415330059080865e-01 -3.903566549484440262e+00 1.077278670249039294e+02 -2.766540475309987869e+03
1.423913665892756475e-01 -3.797231646867882837e+00 1.049379848087467337e+02 -2.790260872093802391e+03
1.386461400601404492e-01 -3.693684830495954863e+00 1.021560437905734062e+02 -2.787885739306355845e+03
1.350030678160677455e-01 -3.592924984710995862e+00 9.936587393948569513e+01 -2.774528778463897197e+03
1.314593642514708394e-01 -3.494944649311693574e+00 9.658705980487084730e+01 -2.820951103945740215e+03
1.280122437616521280e-01 -3.399757458804379961e+00 9.383519657942656522e+01 -2.533698885930533379e+03
1.246590047842410509e-01 -3.307103883811510769e+00 9.151999551894975582e+01 -2.245446210095353308e+03
1.213972819049027596e-01 -3.216723790310116904e+00 8.923216303371924596e+01 -2.293616910810015270e+03
1.182247937536565624e-01 -3.128631868689557560e+00 8.695454181723165732e+01 -2.276447251818884070e+03
1.151392589567259983e-01 -3.042818369556798075e+00 8.467136758617466796e+01 -2.282980424548542032e+03
1.121383961436374088e-01 -2.959287238002964671e+00 8.239103235060575514e+01 -2.282159449865004262e+03
1.092199239406598105e-01 -2.878037367117083800e+00 8.011064381409249791e+01 -2.270553092237905730e+03
1.063815645507442675e-01 -2.799058087464392219e+00 7.784977360232748822e+01 -2.259404426018195409e+03
1.036210544719562560e-01 -2.722339007068282690e+00 7.558865563980246804e+01 -2.257793726559430070e+03
1.009361337743708426e-01 -2.647878542038843097e+00 7.333089958876260539e+01 -2.266042708438707450e+03
9.832454253080169515e-02 -2.575681667254929863e+00 7.106638007457556228e+01 -2.244862135366422990e+03
9.578402081240526555e-02 -2.505736354992724735e+00 6.881437377266438205e+01 -2.304086198390281879e+03
9.331230869051339305e-02 -2.438060636779044721e+00 6.659617627725270950e+01 -1.949404463040995779e+03
9.090724973428640499e-02 -2.372334338393778275e+00 6.491550338509578921e+01 -1.594907112151495312e+03
8.856710148813580485e-02 -2.308237396550532061e+00 6.326856433347384723e+01 -1.653802919689601367e+03
8.629022499614816266e-02 -2.245787644613296941e+00 6.163434960042948774e+01 -1.633342563088963743e+03
8.407498130100708733e-02 -2.184973487144596493e+00 5.999287158551342714e+01 -1.639905071835799845e+03
8.191973144537388618e-02 -2.125798942053466867e+00 5.835571023381825739e+01 -1.642955249401529272e+03
7.982283647184840181e-02 -2.068263818721475022e+00 5.672109504776441469e+01 -1.603603543805112167e+03
7.778266929375889094e-02 -2.012332197220433549e+00 5.514890999762929624e+01 -1.563031283944903407e+03
7.579765030428392558e-02 -1.957967420481367293e+00 5.357977856775102765e+01 -1.568220760455454638e+03
7.386621176761599961e-02 -1.905170589136193637e+00 5.201356994296973113e+01 -1.570105838211964738e+03
7.198678594749541304e-02 -1.853942913146164440e+00 5.044336882359867502e+01 -1.560585119153692631e+03
7.015780510779906498e-02 -1.804279014699577521e+00 4.887963000750652043e+01 -1.589373491562894287e+03
6.837770151179671518e-02 -1.756187565423056096e+00 4.733231912646356676e+01 -1.415070006000051080e+03
6.664495827864548583e-02 -1.709511227679914480e+00 4.604932388598660253e+01 -1.241264848996639785e+03
6.495826193948783800e-02 -1.664092964782675876e+00 4.478254944084610401e+01 -1.269179654865788279e+03
6.331634988128924391e-02 -1.619940921070024187e+00 4.352280645736937714e+01 -1.261568817391884750e+03
6.171795949060011194e-02 -1.577050865217500375e+00 4.225773563511866371e+01 -1.258986492748991395e+03
6.016182815364563147e-02 -1.535421471079435829e+00 4.099813258502911140e+01 -1.276506828632934912e+03
5.864669325663741939e-02 -1.495057531407973261e+00 3.974893142597777285e+01 -1.161398820141940860e+03
5.717132596809398892e-02 -1.455854939534817927e+00 3.867553903208538912e+01 -1.045678549630468069e+03
5.573463257948583355e-02 -1.417709219038355561e+00 3.761280301846444729e+01 -1.064272203876148069e+03
5.433555316466510271e-02 -1.380625810500257566e+00 3.655483560638145235e+01 -1.059342911976719506e+03
5.297302779738833484e-02 -1.344601978839072398e+00 3.549318133476744919e+01 -1.057221199307966344e+03
5.164599655109017307e-02 -1.309636612528894961e+00 3.443541660096413892e+01 -1.070029307043369727e+03
5.035339949918444385e-02 -1.275733259077838744e+00 3.338518851237159168e+01 -9.866400397061153171e+02
4.909420115550160169e-02 -1.242816532764777326e+00 3.246218812839717316e+01 -9.030959518330655555e+02
4.786746379128660467e-02 -1.210810954325247657e+00 3.154678892190822026e+01 -9.161749243517326704e+02
4.667227411840530610e-02 -1.179720234831766579e+00 3.063510219290908765e+01 -9.134621572242497223e+02
4.550771884817075147e-02 -1.149542907828378979e+00 2.972014327598080996e+01 -9.099133845334944226e+02
4.437288469225812021e-02 -1.120277024354191076e+00 2.880915484517794667e+01 -9.247263478351819685e+02
4.326685836191920820e-02 -1.091926844363922955e+00 2.790678203597236973e+01 -8.312649441510881161e+02
4.218875391668897717e-02 -1.064407921950656588e+00 2.714665442547281771e+01 -7.377151346758569161e+02
4.113779480434950203e-02 -1.037635757789558522e+00 2.639517929665100482e+01 -7.526827351095790846e+02
4.011323182111272562e-02 -1.011614705124102009e+00 2.564757391312557999e+01 -7.487954619275275263e+02
3.911431576283292549e-02 -9.863426118258321607e-01 2.489693275175957510e+01 -7.468750518546077046e+02
3.814029742526903882e-02 -9.618184627863974878e-01 2.414954698149392343e+01 -7.577851255490222684e+02
3.719042760417314714e-02 -9.380452890982079461e-01 2.340860159787702344e+01 -6.869779075969431688e+02
3.626397785958444808e-02 -9.149590675791001715e-01 2.277569412036145735e+01 -6.158618274606004661e+02
3.536030280561641009e-02 -8.924955885010179557e-01 2.214935548869540227e+01 -6.273131101055275849e+02
3.447877782078690584e-02 -8.706582096603956433e-01 2.152591939073308325e+01 -6.242099210023920932e+02
3.361877828329308537e-02 -8.494452058850709975e-01 2.090027506950902136e+01 -6.230884634440358241e+02
3.277967957144342637e-02 -8.288559976674680918e-01 2.027691408673456053e+01 -6.304521372170335098e+02
3.196085706338806093e-02 -8.088926108755153388e-01 1.965789364134290196e+01 -5.822472721861886384e+02
3.116170026870688017e-02 -7.895114641630277541e-01 1.911244831324560423e+01 -5.339560945050869805e+02
3.038165521959921081e-02 -7.706689240348214565e-01 1.857137949322839532e+01 -5.414707941369756554e+02
2.962018207981262363e-02 -7.523671075002259512e-01 1.803249552707628212e+01 -5.400190874549678028e+02
2.887674101289139025e-02 -7.346052367774855707e-01 1.749163442071760244e+01 -5.376880735755369187e+02
2.815079218240974096e-02 -7.173820265785580963e-01 1.695322957897644756e+01 -5.470264625423895950e+02
2.744179575180283326e-02 -7.007001717284853104e-01 1.642026595038264958e+01 -4.883114872597623162e+02
2.674922907112659703e-02 -6.845066150177732123e-01 1.597665999605373699e+01 -4.294363371866900252e+02
2.607263823475342371e-02 -6.687482024849125128e-01 1.553856191334983805e+01 -4.390552750919047753e+02
2.541158652378214255e-02 -6.534277983084617603e-01 1.510273712059822593e+01 -4.361111888122212576e+02
2.476563721898325868e-02 -6.385437491056773496e-01 1.466536439630934474e+01 -4.360925207806904496e+02
2.413435360146761605e-02 -6.240960920715754590e-01 1.422935348742939787e+01 -4.396696275714999729e+02
2.351729895197679845e-02 -6.100857362689374730e-01 1.379549872559640455e+01 -4.148259810721298777e+02
2.291404385496551704e-02 -5.964901996333659140e-01 1.339972878130789091e+01 -3.899005665045017963e+02
2.232418810842409784e-02 -5.832869507166674738e-01 1.300614898311319578e+01 -3.936209803594857704e+02
2.174733881407934707e-02 -5.704769850773615536e-01 1.261383763246003298e+01 -3.932889586011933147e+02
2.118310307327038455e-02 -5.580601517940582124e-01 1.222019747630145581e+01 -3.910777056710304009e+02
2.063108798761561016e-02 -5.460352144183926448e-01 1.182840941325157580e+01 -3.986848763400485041e+02
2.009090065860773613e-02 -5.344044162544702159e-01 1.144101038200840570e+01 -3.517440718479118118e+02
1.956216190741141836e-02 -5.231253605189364331e-01 1.112492784339352525e+01 -3.047835458424600006e+02
1.904454743301188871e-02 -5.121556385427310509e-01 1.081324243637939908e+01 -3.124255816692656822e+02
1.853774665396853288e-02 -5.014975146325343358e-01 1.050338674269742612e+01 -3.101374295687758718e+02
1.804144898899434288e-02 -4.911497061983694512e-01 1.019225539138927239e+01 -3.099858350260116140e+02
1.755534385657091939e-02 -4.811121655452203494e-01 9.882287288686750770e+00 -3.132175923591974538e+02
1.707912067530114111e-02 -4.713857261776153718e-01 9.574285433931077449e+00 -2.910536679117871586e+02
1.661247539042755988e-02 -4.619503199720204623e-01 9.300261976470004299e+00 -2.686436726438865890e+02
1.615513005291228932e-02 -4.527857302086862878e-01 9.028307010175982583e+00 -2.723069127779501741e+02
1.570681324034902543e-02 -4.438930508093270055e-01 8.757234346126473667e+00 -2.712115672749063719e+02
1.526725353053304778e-02 -4.352716675013788006e-01 8.485545779081396844e+00 -2.711305114061764812e+02
1.483617950098261445e-02 -4.269215523374081389e-01 8.214422793028536063e+00 -2.727010463942032743e+02
1.441331972920791883e-02 -4.188431197274253837e-01 7.944217655918423660e+00 -2.620496725059279015e+02
1.399840590991370363e-02 -4.110267454060672621e-01 7.690288983541664791e+00 -2.515016920426959075e+02
1.359118220553537371e-02 -4.034628675920566288e-01 7.437235010613635566e+00 -2.528914952376497922e+02
1.319139589548198530e-02 -3.961517916859146338e-01 7.184864342542633509e+00 -2.532062500037950770e+02
1.279879425903967041e-02 -3.890937272324657692e-01 6.931601699849024634e+00 -2.511834370410034012e+02
1.241312457577293561e-02 -3.822875333748950721e-01 6.679748833111719186e+00 -2.574065301249333970e+02
1.203413412486532309e-02 -3.757350722866993897e-01 6.431483682598482687e+00 -2.195444942108879900e+02
1.166158125129664914e-02 -3.694021477168091816e-01 6.240691748311961717e+00 -1.815867474307868008e+02
1.129526856135034535e-02 -3.632545057220849527e-01 6.053526876796594181e+00 -1.879789334716278404e+02
1.093500972663456576e-02 -3.572941105279520690e-01 5.867662412889000478e+00 -1.855855249515849721e+02
1.058061841888146073e-02 -3.515195987154230983e-01 5.681164400284433036e+00 -1.867663962585154707e+02
1.023190830988441463e-02 -3.459316725685710470e-01 5.494852542698580145e+00 -1.857785005856111127e+02
9.888693071151283265e-03 -3.405299070531517813e-01 5.308078875723975187e+00 -1.893761750804133328e+02
9.550785374034970535e-03 -3.353174994700445222e-01 5.116173163612094399e+00 -1.927549363521920043e+02
9.217993886941722170e-03 -3.302975149434083102e-01 4.923896522543230070e+00 -1.921511390530537824e+02
8.890126278027083925e-03 -3.254697602627311670e-01 4.731556057882689181e+00 -1.924918246238090944e+02
8.566990215290492053e-03 -3.208344333278046467e-01 4.539169188788235942e+00 -1.920635637166905099e+02
8.248393366758215509e-03 -3.163912870833733848e-01 4.346960423335040957e+00 -1.930408241523731476e+02
7.934143400457891945e-03 -3.121406502854281451e-01 4.155213051148831660e+00 -1.876415525920284608e+02
7.624049509993726867e-03 -3.080777000872381155e-01 3.971497129498307910e+00 -1.827828469897100092e+02
7.317926991197746048e-03 -3.041979400860665983e-01 3.788017957053865015e+00 -1.828123417340305537e+02
7.015592665460207954e-03 -3.005011269973376642e-01 3.605334163196411534e+00 -1.844566849798557939e+02
6.716863354186976623e-03 -2.969882578657627725e-01 3.421155498397343120e+00 -1.799482943161108608e+02
6.421555878770289841e-03 -2.936567779966015035e-01 3.239673702174137748e+00 -1.927315208225205083e+02
6.129487060555376989e-03 -2.905104986388648003e-01 3.065816494343914123e+00 -1.151426345540918419e+02
5.840496532063301979e-03 -2.874792046710487603e-01 3.010017411600112158e+00 -3.566681268318940567e+01
5.554515169482766683e-03 -2.844915414806713505e-01 2.962627009955188129e+00 -5.175856787933045666e+01
5.271496660168782135e-03 -2.815533172442519216e-01 2.915778731527298717e+00 -4.001495601792824175e+01
4.991394691412054038e-03 -2.786576342815212382e-01 2.872491827235978512e+00 -5.858715620658557555e+01
4.714162950514725128e-03 -2.758150986697218143e-01 2.820363640215152401e+00 -1.188169309216853442e+01
4.439755124896441370e-03 -2.730114878100445286e-01 2.740556204932201645e+00 -2.896929383360692327e+02
4.168043297053350416e-03 -2.704981375312359715e-01 2.238707193412093677e+00 -5.743158939727296683e+02
3.898573132399589785e-03 -2.685304971616773173e-01 1.706348355878301915e+00 -5.156670329347083452e+02
3.630808691412307308e-03 -2.670871353586025676e-01 1.172926993345729141e+00 -5.603565744875273822e+02
3.364214034664487780e-03 -2.661943375953502722e-01 6.248053455635049769e-01 -4.875357000595703880e+02
3.098253222771272814e-03 -2.658104832837252518e-01 1.122245869558032155e-01 -6.716078444439660871e+02
2.832390316005903904e-03 -2.659926508648009502e-01 -2.960665363514436432e-01 4.113514320905914587e+02
2.566405006603098612e-03 -2.657636249267955053e-01 9.342957990989049222e-01 1.492415752510903530e+03
2.301339507836889196e-03 -2.641473344009127588e-01 2.268160310136478675e+00 1.311666097329554304e+03
2.038551664917877260e-03 -2.611988523568937737e-01 3.639729676984553741e+00 1.377221491827817772e+03
1.779399322728563359e-03 -2.568809199467816939e-01 4.991518790853269216e+00 1.349523377509541206e+03
1.525240326190378283e-03 -2.512101639580168744e-01 6.351977236576231256e+00 1.361427676909045204e+03
1.277432520183289025e-03 -2.441793995667239370e-01 7.708697047147571979e+00 1.356300683737179497e+03
1.037333749616160252e-03 -2.357917228351028571e-01 9.067025230414673231e+00 1.358513569657556445e+03
8.063018593996288709e-04 -2.260457973838556067e-01 1.042466478633703275e+01 1.357548255200967560e+03
5.856946944314110224e-04 -2.149422061879294465e-01 1.178259169872861634e+01 1.357992814480392781e+03
3.768700996084577821e-04 -2.024806806115499735e-01 1.314041667918902689e+01 1.357736165433442920e+03
1.811859198320212006e-04 -1.886613793602406608e-01 1.449822206758153165e+01 1.357953630344571138e+03
2.706798998250193703e-30 -1.734840849690910680e-01 1.585648197786412439e+01 1.358645209213776752e+03
