7.000000000000000000e+02 0.000000000000000000e+00 1.747500000000000164e-01 1.747500000000000164e-01
1.000000000000000000e+00 -1.886290080725198590e-02 -3.818846077625121325e+02 -2.532465807691705879e+06
9.999783959323155225e-01 -1.679092692977778578e-01 -7.219068379027852416e+02 -4.065577534778771806e+05
9.999135859306139684e-01 -3.492044261321521903e-01 -6.945863445251492294e+02 4.062759804515684955e+05
9.998055677935434593e-01 -5.119462629397847353e-01 -6.281917077006997943e+02 -9.396460590336922905e+04
9.996571746610174447e-01 -6.795356703679179544e-01 -7.251651715014752426e+02 -3.973634805540035013e+05
9.994641116954513516e-01 -8.643335242679375252e-01 -7.048451109738826972e+02 7.635776888411872787e+05
9.992281443810806518e-01 -1.018217471261866347e+00 -6.123315054246173759e+02 -1.302943281888450030e+06
9.989492749192567800e-01 -1.232372926126120261e+00 -1.017717595954852072e+03 6.937256189409838989e+05
9.986152527865785888e-01 -1.409536243897946628e+00 -3.673201214162709789e+02 1.468177414224673528e+06
9.982509334475072604e-01 -1.519340616600251215e+00 -6.740631819548423209e+02 -2.442582307839552872e+06
9.978453409613990965e-01 -1.732201064059375906e+00 -7.949261636056205589e+02 3.170879310861346312e+06
9.973984731269028847e-01 -1.804377254295885580e+00 -8.554721823670096370e+00 -2.254833414031757042e+06
9.969332107958126521e-01 -1.981432821051528625e+00 -1.345579480895864208e+03 -7.593854622171958908e+05
9.964038252848183008e-01 -2.205475958055314045e+00 -3.806631146853546852e+02 8.270745485603383277e+05
9.958347890231479260e-01 -2.377656407321256271e+00 -9.293137513705453330e+02 2.446276022279640660e+06
9.952261042121536283e-01 -2.429622404268619640e+00 3.196301112720807396e+02 -2.208659926189666614e+06
9.946098401465194305e-01 -2.592314394177415604e+00 -1.596599675658617116e+03 -1.619067408977766521e+06
9.939222236612949013e-01 -2.842012317449274850e+00 -2.629311180480547705e+02 1.694194810259114951e+06
9.931969992799708491e-01 -2.998995847630451461e+00 -9.602667913372430348e+02 2.478282779797786381e+06
9.924341670025471629e-01 -3.030415858951844843e+00 5.069437938095887830e+02 -2.368826987158433534e+06
9.916708130047198200e-01 -3.182701661305170404e+00 -1.709705954268929872e+03 -1.996244786344163120e+06
9.908333923203924698e-01 -3.440287627603715315e+00 -1.797364361418424323e+02 2.113643373117907438e+06
9.899607213878651724e-01 -3.584898128841439657e+00 -9.589201998547728181e+02 2.551100346842312254e+06
9.890528046098423509e-01 -3.598577400450738040e+00 6.396130644918200687e+02 -2.485850752883300185e+06
9.881498628871449030e-01 -3.740075567253086319e+00 -1.761097146501926318e+03 -2.233820695074930787e+06
9.871722733210424039e-01 -3.998367975231211791e+00 -1.121844467831440824e+02 2.399563397883477621e+06
9.861620046857756394e-01 -4.130126466528400542e+00 -9.363361785486782765e+02 2.532698718979997560e+06
9.851190547799930641e-01 -4.130520226813928275e+00 7.233018899134607409e+02 -2.504522233444082085e+06
9.840850467656850897e-01 -4.260515027707007185e+00 -1.757691711547458226e+03 -2.370876181188870221e+06
9.829777029137126698e-01 -4.513610369588250570e+00 -6.086867530273998739e+01 2.577980175605159719e+06
9.818403370243364847e-01 -4.632212683216136107e+00 -8.947933472963253507e+02 2.413735849781716242e+06
9.806729512989081909e-01 -4.624292787850444064e+00 7.566187437036616075e+02 -2.423074546655306593e+06
9.795168342939279960e-01 -4.742538182702960903e+00 -1.701900717460039914e+03 -2.406726105125043541e+06
9.782904589412592111e-01 -4.984968649125876006e+00 -2.697934886016635758e+01 2.646801856389568187e+06
9.770367031734831231e-01 -5.090618443870930321e+00 -8.368108988090657476e+02 2.200596503378451802e+06
9.757555691919521657e-01 -5.079570307016428643e+00 7.398893050434968472e+02 -2.246764023059433326e+06
9.744863489269800505e-01 -5.186288862437091751e+00 -1.597695963681945841e+03 -2.344161189615266398e+06
9.731515305763213108e-01 -5.413217723210909327e+00 -1.139498579938450185e+01 2.607997291406210512e+06
9.717918501571450873e-01 -5.506611302375214123e+00 -7.651301036328043210e+02 1.902962344580349512e+06
9.704073076694516020e-01 -5.497640092869366946e+00 6.749604606328856562e+02 -1.983581312540378422e+06
9.690336574710289863e-01 -5.593472455639342478e+00 -1.450196603775800213e+03 -2.189435096134791151e+06
9.676004342871082908e-01 -5.800821446541406523e+00 -1.458804141309853541e+01 2.466739672527734190e+06
9.661446384406608967e-01 -5.883117399074973441e+00 -6.827178261437131823e+02 1.532221737608893774e+06
9.646662721330386825e-01 -5.881325014659529060e+00 5.647144809666222045e+02 -1.643996354406666011e+06
9.631961608950942999e-01 -5.967333546887594764e+00 -1.265534315236575139e+03 -1.950034189096839866e+06
9.616736178572610205e-01 -6.151840701241476417e+00 -3.624637849804055634e+01 2.232602797217801213e+06
9.601304833736236111e-01 -6.224516389144728379e+00 -5.925322506353944618e+02 1.095647775439787656e+06
9.585667552428306371e-01 -6.234932464853768508e+00 4.120835288894453470e+02 -1.235235010327127762e+06
9.570070864049666781e-01 -6.312495139733488081e+00 -1.049260332202684822e+03 -1.635444712938752957e+06
9.554030185003485887e-01 -6.471697737212820378e+00 -7.643287623497775485e+01 1.914817000589070842e+06
9.537799441233044684e-01 -6.536552637497508478e+00 -4.971056773829117219e+02 6.020325684197396040e+05
9.521378632738344283e-01 -6.564070383436041212e+00 2.199453090936323747e+02 -7.664090503247128800e+05
9.504941468198923049e-01 -6.634896652829944230e+00 -8.068375275064715879e+02 -1.253178568603601540e+06
9.488147376460157600e-01 -6.767053176613085697e+00 -1.347494768323783205e+02 1.522785893627113430e+06
9.471174468905413368e-01 -6.826125933516857813e+00 -3.988902042501323990e+02 5.740287317131320015e+04
9.454022767548211359e-01 -6.875548965522540357e+00 -9.055315048589536175e+00 -2.440674449069001712e+05
9.436783320303714362e-01 -6.941610068832124725e+00 -5.430656226591181621e+02 -8.112381144515397027e+05
9.419278830288765336e-01 -7.045643414610687216e+00 -2.109921373264379270e+02 1.065778035378880333e+06
9.401601556162083595e-01 -7.101178315679470998e+00 -2.999795249921363620e+02 -5.348408550602024188e+05
9.383751497923669138e-01 -7.177309754521230545e+00 -2.731163141638978686e+02 3.280952628124112380e+05
9.365728171276098690e-01 -7.240784056079035302e+00 -2.615129598551036452e+02 -3.159414145450503565e+05
9.347535054355395889e-01 -7.316140707783713282e+00 -3.052632092413587657e+02 5.499076544382635038e+05
9.329169373458152670e-01 -7.370598736473960244e+00 -2.020888188433259245e+02 -1.170599511066672858e+06
9.310631084557327020e-01 -7.478234016936974093e+00 -5.707994820722728946e+02 9.460551158574600704e+05
9.291820092181390933e-01 -7.541510644718652401e+00 3.462206612928870442e+01 2.269096673082052730e+05
9.272936587273404863e-01 -7.588129962629245995e+00 -4.177373577890105594e+02 -1.694829369113687426e+04
9.253874420644074839e-01 -7.644086549972591627e+00 -1.063000979491702225e+02 -1.850182461485165171e+06
9.234633570279880965e-01 -7.788120688744600173e+00 -9.018869499050425702e+02 1.607883034239418805e+06
9.215006492722368492e-01 -7.853798909907923509e+00 3.434530666700885604e+02 8.156882999585932121e+05
9.195405347090402914e-01 -7.871921423443093424e+00 -5.488397778338718354e+02 -6.340701692197462544e+05
9.175612595787837611e-01 -7.932203981222004430e+00 -1.407255661991732509e+01 -2.569715102559676394e+06
9.155628238814674802e-01 -8.117591815625265994e+00 -1.265666652543627151e+03 2.311008082941398025e+06
9.135130042277732620e-01 -8.188460517438855391e+00 6.627295233441267328e+02 1.447307730362609960e+06
9.114756420245607726e-01 -8.178665671763743816e+00 -6.987037579057472385e+02 -1.296684268737755017e+06
9.094171028159352410e-01 -8.246213834016927535e+00 7.358353086022873413e+01 -3.330322565218791366e+06
9.073373821991925769e-01 -8.478056723249457249e+00 -1.662258106965862453e+03 3.055322340891547501e+06
9.051920811075784279e-01 -8.557071644662453735e+00 9.911698455269546457e+02 2.120068977653298527e+06
9.030690576973345873e-01 -8.520196364016047852e+00 -8.680493628420522327e+02 -2.005093322019033134e+06
9.009220615647467456e-01 -8.598202744760225613e+00 1.556099242871303829e+02 -4.126414744455052540e+06
8.987510905084629131e-01 -8.881591507649048367e+00 -2.090960104928813053e+03 3.835823394798135385e+06
8.964989093787179009e-01 -8.971934889410459135e+00 1.326424324926611689e+03 2.832893972936285660e+06
8.942786830733571168e-01 -8.909115328058909711e+00 -1.056800001589582735e+03 -2.757478046472521499e+06
8.920308738285134265e-01 -9.000958571606867409e+00 2.305584697707487578e+02 -4.953372048916539177e+06
8.897554772414827395e-01 -9.340942234534253430e+00 -2.550360687202152803e+03 4.648238014787854627e+06
8.873818343185282398e-01 -9.445970335768912207e+00 1.665728449460461661e+03 3.582459746041659266e+06
8.850495702075020787e-01 -9.358704915006125447e+00 -1.264894208263875953e+03 -3.552479251695172861e+06
8.826852522112551558e-01 -9.468012520813395838e+00 2.967996501871550663e+02 -5.799688330540621653e+06
8.802888803297881370e-01 -9.869338792325121901e+00 -3.037348694264840105e+03 5.481778741846106015e+06
8.777759050387856643e-01 -9.992628037555132181e+00 2.004502699771641119e+03 4.365009958171480335e+06
8.753133120890398411e-01 -9.882877137124006950e+00 -1.491211342772284979e+03 -4.388170356619896367e+06
8.728133027608111494e-01 -1.001355999341843095e+01 3.516477704728059166e+02 -6.646587683277895674e+06
8.702758792554511347e-01 -1.048035843383844146e+01 -3.545766847142706865e+03 6.319855037286464125e+06
8.676023637720609027e-01 -1.062567960410347823e+01 2.335356574309161715e+03 5.171673180168308318e+06
8.649875583442184768e-01 -1.049610934049428401e+01 -1.733340495239169741e+03 -5.257431535117249936e+06
8.623290670876414543e-01 -1.065231971303745517e+01 3.915821634299350649e+02 -7.467239970249995589e+06
8.596268855996264113e-01 -1.118765284828505457e+01 -4.065684713385006944e+03 7.138260798367206007e+06
8.567683156689335222e-01 -1.135891340810449179e+01 2.647612971096904403e+03 5.986566468784812838e+06
8.539757488726793522e-01 -1.121321469535440052e+01 -1.987619586664967528e+03 -6.147745152865972370e+06
8.511323088336916198e-01 -1.139934968586273101e+01 4.121462953952085968e+02 -8.221185965741254389e+06
8.482379933506183356e-01 -1.200454884372380526e+01 -4.582053281438299564e+03 7.899284678551055491e+06
8.451666891736554499e-01 -1.220578962667450185e+01 2.925837954685775003e+03 6.788347163023870438e+06
8.421671424650348792e-01 -1.204899965301117781e+01 -2.247734757125939268e+03 -7.040851038898181170e+06
8.391086479548598431e-01 -1.226966873185945950e+01 4.069186339491643025e+02 -8.851974856270421296e+06
8.359912078444822203e-01 -1.294351061748167453e+01 -5.072512237373626704e+03 8.551420701007638127e+06
8.326766366702015310e-01 -1.317878121732861274e+01 3.148348855849800657e+03 7.543454715047447942e+06
8.294373451273255871e-01 -1.301780460014756535e+01 -2.504284122449790630e+03 -7.906502182113436982e+06
8.261302189252183181e-01 -1.327769929023514983e+01 3.676590306082699726e+02 -9.285723889493819326e+06
8.227552602652312697e-01 -1.401539315779950634e+01 -5.506209017331196264e+03 9.026299001511871815e+06
8.191645515068523009e-01 -1.428859960641823079e+01 3.286308232982389200e+03 8.204318311935715377e+06
8.156495032137591750e-01 -1.413279761663103962e+01 -2.744233158804412597e+03 -8.699861946933381259e+06
8.120570531860161756e-01 -1.443649162946795883e+01 2.843031644633333030e+02 -9.428931346430838108e+06
8.083871992222712022e-01 -1.522847703795181218e+01 -5.842429815939920445e+03 9.237227447030693293e+06
8.044859259372098004e-01 -1.554312152000611036e+01 3.303144263820865490e+03 8.706114750598445535e+06
8.006564167245466823e-01 -1.540495553776226245e+01 -2.950519762468844419e+03 -9.358765807771585882e+06
7.967394588070977335e-01 -1.575662820481375626e+01 1.451087789812213202e+02 -9.167477337587796152e+06
7.927350565875670441e-01 -1.658724334092134001e+01 -6.029860598572380695e+03 9.076585124880358577e+06
7.884883317506897749e-01 -1.694615724284433966e+01 3.154035963494390671e+03 8.968263052224338055e+06
7.843038281256629052e-01 -1.684174558157577550e+01 -3.100783113619580490e+03 -9.800707514344170690e+06
7.800216725297288711e-01 -1.724469971066219642e+01 -6.346292501325208235e+01 -8.375419656939342618e+06
7.756418605601838046e-01 -1.809103222366979935e+01 -6.007127427888734928e+03 8.426254370871713385e+06
7.710157877547179073e-01 -1.849583193232140488e+01 2.787934759246858903e+03 8.887174384576372802e+06
7.664352146919635178e-01 -1.844552861486123518e+01 -3.169066202388183683e+03 -9.918217203168019652e+06
7.617470439503541968e-01 -1.890155618593048459e+01 -3.542508556398685187e+02 -6.920532950544968247e+06
7.569512777312418228e-01 -1.973240557252040972e+01 -5.705948775446460786e+03 7.157758128648608923e+06
7.519147650627532320e-01 -2.018301690795713199e+01 2.150678898487077277e+03 8.348657485473848879e+06
7.468982714885711305e-01 -2.021144474579957517e+01 -3.125341556674910862e+03 -9.585101445285439491e+06
7.417650666386097491e-01 -2.072001438163101383e+01 -7.390391466941508725e+02 -4.684868246506784111e+06
7.365151505128691989e-01 -2.149565687158757044e+01 -5.056073099423415442e+03 5.155795918330561370e+06
7.310420679341383954e-01 -2.198952956502595768e+01 1.191379638431294779e+03 7.226709994689866900e+06
7.255533491527617063e-01 -2.212524672680019933e+01 -2.938939590142010275e+03 -8.657033785713214427e+06
7.199403332369105346e-01 -2.268248082405684229e+01 -1.224374436430564401e+03 -1.587623750179316849e+06
7.142030201865841033e-01 -2.335533501470243678e+01 -3.995049209275510293e+03 2.334213356828480959e+06
7.082746011725434832e-01 -2.388673923553247036e+01 -1.282815977958762517e+02 5.403884386481638998e+06
7.022837694290355870e-01 -2.416092810144770553e+01 -2.581545723879583420e+03 -6.987709078003933653e+06
6.961634101389051477e-01 -2.475850208073698511e+01 -1.808588872778570021e+03 2.383264625741784461e+06
6.899135233021519431e-01 -2.527528048306871966e+01 -2.480448805429815820e+03 -1.332186403565996327e+06
6.835208721897170214e-01 -2.583450527165543775e+01 -1.821637851075278604e+03 2.788893248961694073e+06
6.770078379465102048e-01 -2.627858834189453674e+01 -2.032627936348651474e+03 -4.449536163306809030e+06
6.703633059467176691e-01 -2.690271551303845854e+01 -2.477575383899179087e+03 7.138001010378743522e+06
6.635872761903395256e-01 -2.720833938597667867e+01 -5.055756702467084551e+02 -5.777840684984868392e+06
6.567337412357713289e-01 -2.778112025619865832e+01 -3.863166997946972060e+03 -6.537376390127688646e+05
6.496918960344197913e-01 -2.842306261453749272e+01 -1.285290660609965244e+03 -9.637886433231085539e+05
6.425207654351559050e-01 -2.905373697967252156e+01 -3.200984785024556459e+03 1.245507876737421006e+07
6.352203428339241453e-01 -2.909706717330186265e+01 1.884676699794011029e+03 -1.081691810132601112e+07
6.279235018322566475e-01 -2.966429277100685624e+01 -6.174852199572029349e+03 -4.873815336639792658e+06
6.203634341754666881e-01 -3.052368818876804113e+01 -3.531327527852405979e+02 3.458466016938212793e+06
6.126812817428753943e-01 -3.113470625718230522e+01 -3.930047618489662909e+03 1.797760624187911674e+07
6.048770489371867454e-01 -3.087543344611543361e+01 4.582718197973333190e+03 -1.613867957535188645e+07
5.971700696577088019e-01 -3.141362289492403193e+01 -8.620103988821194434e+03 -9.703564384449928999e+06
5.891228098020609982e-01 -3.249605091432395199e+01 7.266832607371061385e+02 8.680517866316914558e+06
5.809662550252323587e-01 -3.305595068444225149e+01 -4.599910933473634032e+03 2.322380958335293829e+07
5.727004075285750950e-01 -3.247204781249484284e+01 7.415620742111870641e+03 -2.130850642323158681e+07
5.646325276095482959e-01 -3.295436069497772991e+01 -1.100510979274250894e+04 -1.485217020165304840e+07
5.561518127566164038e-01 -3.424612164178629570e+01 1.890536813727490198e+03 1.441618008923127502e+07
5.475803735872507572e-01 -3.472042078706954982e+01 -5.133811012953203317e+03 2.764303520219961554e+07
5.389182101014513560e-01 -3.381435829838569873e+01 1.015480535610148581e+04 -2.581709838954178989e+07
5.305541911148351497e-01 -3.421264984125699726e+01 -1.309492632306477208e+04 -1.990802536537109315e+07
5.217171104072972909e-01 -3.567693579774778811e+01 3.052907420875301796e+03 2.022642462831212580e+07
5.128133441462271458e-01 -3.603157084176695690e+01 -5.453724037674995088e+03 3.069675427679990232e+07
5.038428923316247143e-01 -3.483389040976751971e+01 1.254157789877295727e+04 -2.914939600074002147e+07
4.952614061921233879e-01 -3.512150679547042387e+01 -1.464377512054235012e+04 -2.437978326824815571e+07
4.861669236066276101e-01 -3.669760542356755906e+01 4.115753654589192593e+03 2.555863814352749288e+07
4.770343818478898767e-01 -3.690307995663949470e+01 -5.493108671902697097e+03 3.195322807781396806e+07
4.678637809159100214e-01 -3.547199324091104700e+01 1.432411959648816628e+04 -3.087115915199579298e+07
4.591547682586759049e-01 -3.562694760235046942e+01 -1.543418633059057538e+04 -2.776152337408527732e+07
4.499198988575655034e-01 -3.723333696658783509e+01 4.981921238763673500e+03 2.981087235564304888e+07
4.406787313886288970e-01 -3.726921374737062820e+01 -5.211421173138950508e+03 3.119121584093241394e+07
4.314312636505144294e-01 -3.568529118883824225e+01 1.530310274734024097e+04 -3.072155761645400524e+07
4.226924865140503362e-01 -3.569328933281083494e+01 -1.532137360499149327e+04 -2.962441455734673142e+07
4.134462031032655749e-01 -3.723525448709815322e+01 5.571837860977982928e+03 3.244403720949397981e+07
4.042266352993097445e-01 -3.709353394894418443e+01 -4.604421130677927067e+03 2.845169541113349795e+07
3.950337853035346680e-01 -3.545031722476278446e+01 1.536992913185012731e+04 -2.867372360356231034e+07
3.863667436218937157e-01 -3.530702331779093583e+01 -1.426632440424960805e+04 -2.969964027974432707e+07
3.772422059787154947e-01 -3.668759771763656374e+01 5.837856362642856766e+03 3.308741149205243587e+07
3.681765677073495224e-01 -3.637435537750363324e+01 -3.708962310619053824e+03 2.403833943510112166e+07
3.591698288077959100e-01 -3.476670015718568152e+01 1.452929272805252003e+04 -2.494353284754104167e+07
3.506752784580842164e-01 -3.447851448167307353e+01 -1.234870860373506548e+04 -2.794116356234461814e+07
3.418013361127456018e-01 -3.561082274200964548e+01 5.771971535636565022e+03 3.162033278791265190e+07
3.330156195494182736e-01 -3.514559562173059248e+01 -2.598308907841457312e+03 1.846462876141729951e+07
3.243181287681021763e-01 -3.365791870874053870e+01 1.289885383830401224e+04 -1.995626020157246292e+07
3.160915335774243662e-01 -3.324126330649028915e+01 -9.756522978892195169e+03 -2.453815680773624778e+07
3.075846226367152658e-01 -3.405967426675251630e+01 5.406870441972511799e+03 2.820508667653943598e+07
2.991907335059773021e-01 -3.347255593328786460e+01 -1.370597617531853302e+03 1.234891443790253997e+07
2.909098617825066624e-01 -3.216963345269671493e+01 1.068527957704525943e+04 -1.425983480727662146e+07
2.830371118984930656e-01 -3.164864881118484874e+01 -6.751685639162124062e+03 -1.988263146835932136e+07
2.749946796075927180e-01 -3.211637657825409775e+01 4.807196773927076720e+03 2.325336704329565167e+07
2.670843878680370098e-01 -3.144370946537436495e+01 -1.320510816261373179e+02 6.304777985608451068e+06
2.593062388811778196e-01 -3.036546130978257096e+01 8.144104464515621657e+03 -8.429586698666974902e+06
2.518600119372710333e-01 -2.976888589257296402e+01 -3.624021546407537244e+03 -1.449007676831734926e+07
2.443561954259407254e-01 -2.988056745569551254e+01 4.057031163359859420e+03 1.734501415806727484e+07
2.369974766233212127e-01 -2.915998966411191518e+01 1.019621049857118692e+03 8.337312912240959704e+05
2.297838533280604778e-01 -2.832109599281428558e+01 5.533219593172309942e+03 -2.965678165214285254e+06
2.228209243914756332e-01 -2.767871710673393792e+01 -6.417764310121863218e+02 -8.907788400798626244e+06
2.159048604760593071e-01 -2.745786634330448450e+01 3.242663831157189634e+03 1.111016262422735058e+07
2.091407807585464740e-01 -2.672414824809033007e+01 2.009019565429429122e+03 -3.723310138811419718e+06
2.025286852389371062e-01 -2.611731449196605581e+01 3.074169475124839664e+03 1.761145658630139194e+06
1.960884659935321073e-01 -2.545701218557735501e+01 1.983943540345175961e+03 -3.622184796720170416e+06
1.897849936283519667e-01 -2.494949586858796309e+01 2.440686043095948662e+03 5.125792343903859146e+06
1.836349242323838948e-01 -2.423143076967919640e+01 2.789827879103270334e+03 -7.210372513798134401e+06
1.776382578056279193e-01 -2.383334224038357974e+01 9.262471861846195225e+02 5.542431428352747113e+06
1.717426167014522442e-01 -2.317891656873231199e+01 4.120006442617299399e+03 1.002789562555475160e+06
1.660548994493439012e-01 -2.244427523387755485e+01 1.708303016162643644e+03 -1.689197188383676112e+05
1.605174422963200065e-01 -2.176333134127322211e+01 3.345307226029801768e+03 -9.623501286251960322e+06
1.551302454625156368e-01 -2.154117455224101008e+01 -8.205399978653523476e+02 8.316808695510286838e+06
1.497845711889196629e-01 -2.091122808445241787e+01 5.711537738376796369e+03 4.751032652374722064e+06
1.446978947734192944e-01 -2.001397424791568369e+01 1.080861575917395157e+03 -4.504120419616233557e+06
1.397548255312486831e-01 -1.938421940148984035e+01 3.683614106410792374e+03 -1.106963455750183016e+07
1.349553634624078013e-01 -1.930166198716623427e+01 -2.139480058967431432e+03 1.013855903100566566e+07
1.301506018589690394e-01 -1.870939810639837475e+01 6.769638054015917987e+03 7.547685804740633816e+06
1.256366595360842442e-01 -1.771171859665060921e+01 5.733271023408112796e+02 -7.775616314273651689e+06
1.212572088083882782e-01 -1.714073011891958487e+01 3.830389698884189329e+03 -1.171620080923061818e+07
1.170122496758812108e-01 -1.716246262233508091e+01 -3.052108191388238538e+03 1.113519602644758672e+07
1.127275783749798477e-01 -1.661614407167035523e+01 7.351608550943940827e+03 9.430042928157240152e+06
1.087486733139936684e-01 -1.557283049739264769e+01 1.847907223408615778e+02 -1.001258077432741225e+07
1.048936251170995426e-01 -1.506308624119762740e+01 3.820789848784638252e+03 -1.174954425675918162e+07
1.011624333440271362e-01 -1.515771462832604399e+01 -3.610399442454515338e+03 1.146847582381968200e+07
9.736820321727361616e-02 -1.466148788803826619e+01 7.540233975533887133e+03 1.050897048247141391e+07
9.388098551575380091e-02 -1.361721260293673730e+01 -9.610796667022117390e+01 -1.133286004429388046e+07
9.050625601650115482e-02 -1.316755280207114964e+01 3.692816249905798031e+03 -1.134654301283296943e+07
8.724401471951567788e-02 -1.330900827972190648e+01 -3.880680916515270383e+03 1.130415669748516381e+07
8.390463232794692638e-02 -1.286386126029989008e+01 7.426377854327599380e+03 1.093265547595386952e+07
8.086317562118106039e-02 -1.185241091606935093e+01 -2.861554575558724309e+02 -1.190047309378793091e+07
7.792271473887987798e-02 -1.145935014691149867e+01 3.482381200058571267e+03 -1.065872295203050226e+07
7.508324946090817742e-02 -1.162719765776125236e+01 -3.931326461662270958e+03 1.079331285263315588e+07
7.215976122199950493e-02 -1.123186029746536541e+01 7.096682712072224604e+03 1.085708968566165864e+07
6.951792605440987316e-02 -1.027676682938462882e+01 -4.037735799355575637e+02 -1.189103701455926150e+07
6.696591220869881067e-02 -9.935525457864736509e+00 3.220567674378387437e+03 -9.806322079750590026e+06
6.450371990500153307e-02 -1.011455574254092760e+01 -3.824959039197561651e+03 1.006209982241764665e+07
6.195596215308109972e-02 -9.766283873429808082e+00 6.626352223766510178e+03 1.042733738273745030e+07
5.966908969838737725e-02 -8.882249793251039804e+00 -4.664323534839241461e+02 -1.146912912480387464e+07
5.746147890057573537e-02 -8.587502450468555537e+00 2.932328987827891069e+03 -8.879099714785378426e+06
5.533312931937577756e-02 -8.766975695116556722e+00 -3.614411894978975397e+03 9.209773486004784703e+06
5.312139296794200077e-02 -8.462151203190675375e+00 6.076206030007605477e+03 9.766530276922725141e+06
5.114742661796146256e-02 -7.656807469182686177e+00 -4.893691601266321527e+02 -1.077538177546761557e+07
4.924295518682593464e-02 -7.403170425024554469e+00 2.636589880143717437e+03 -7.940396973418843001e+06
4.740797867453541009e-02 -7.575938125249326305e+00 -3.341646583543666566e+03 8.309640588138639927e+06
4.549420653156301814e-02 -7.310532702744845679e+00 5.492539549742437885e+03 8.973230656048931181e+06
4.379435428300146316e-02 -6.586172694139446726e+00 -4.849885339534361606e+02 -9.922666617251627147e+06
4.215511317750058468e-02 -6.368508383002725814e+00 2.346741698869415359e+03 -7.032138397518675774e+06
4.057648343519557749e-02 -6.530171431392818526e+00 -3.038157087623143070e+03 7.413197563289871439e+06
3.892506048847272498e-02 -6.300057178216310838e+00 4.908579742290591639e+03 8.121404665417930111e+06
3.746411171746492907e-02 -5.655197358549648889e+00 -4.629303564893738212e+02 -8.996095451351765543e+06
3.605579815126283560e-02 -5.468773387111139250e+00 2.071653896316051032e+03 -6.180133011705357581e+06
3.470011978986643070e-02 -5.616948554376834046e+00 -2.726450069903969961e+03 6.554390937198046595e+06
3.327832976738171605e-02 -5.418105477879993970e+00 4.346750327917585309e+03 7.263726442131549120e+06
3.202472457207672374e-02 -4.848767246799622122e+00 -4.303908176332328139e+02 -8.056585678475420922e+06
3.081666666868456902e-02 -4.689327451729449869e+00 1.816668190992092605e+03 -5.398369371335733682e+06
2.965415627734045018e-02 -4.823046976951153475e+00 -2.421755256635363821e+03 5.753689895792819560e+06
2.843238373138856981e-02 -4.651692557572497222e+00 3.821006356701445839e+03 6.435667776676688343e+06
2.735811475165431800e-02 -4.152395900219649327e+00 -3.925133373866655688e+02 -7.145457971515204757e+06
2.632314540696563399e-02 -4.016179313649305804e+00 1.584454209938992790e+03 -4.692461651765275747e+06
2.532747613759290042e-02 -4.135422636324022072e+00 -2.133641059424970535e+03 5.021771914116665721e+06
2.427922537640118603e-02 -3.988080703468897426e+00 3.338932341358100530e+03 5.659111572327885777e+06
2.335963306809647408e-02 -3.552589441366920120e+00 -3.528075776392703347e+02 -6.288216421999817714e+06
2.247387025546611697e-02 -3.436297166713731421e+00 1.375856753177396968e+03 -4.063152942497031763e+06
2.162193704857770515e-02 -3.541655576027884500e+00 -1.867642049868220511e+03 4.362814525240551680e+06
2.072372312535925368e-02 -3.415184765752142138e+00 2.903717003995437153e+03 4.946217851351287216e+06
1.993723404160473514e-02 -3.037018847887333450e+00 -3.136292541188089444e+02 -5.499532381652776152e+06
1.917980938515789421e-02 -2.937792072607486649e+00 1.190456913462449393e+03 -3.507209411136016250e+06
1.845144917803225385e-02 -3.030208117238257781e+00 -1.626309667120691756e+03 3.776205070174280554e+06
1.768261328561448326e-02 -2.921806858278574115e+00 2.515431235822591134e+03 4.302080998760614544e+06
1.701044885994790895e-02 -2.594596753168461944e+00 -2.764086280941368727e+02 -4.785716596898065880e+06
1.636321580135687015e-02 -2.509963943321920077e+00 1.027052810054494557e+03 -3.019755720385478809e+06
1.574091410984136338e-02 -2.590563547370980491e+00 -1.410249390231028201e+03 3.258650332797314972e+06
1.508339316516112659e-02 -2.497757498824936917e+00 2.172218085177499233e+03 3.727137690672282130e+06
1.450927477440793097e-02 -2.215460574476186828e+00 -2.419642227238592227e+02 -4.147779085400415584e+06
1.395651504462784229e-02 -2.143296187472875314e+00 8.839870303506769460e+02 -2.594794006992468610e+06
1.342511395380733760e-02 -2.213269920794646239e+00 -1.218777144428924885e+03 2.805200052909508348e+06
1.286319195521226297e-02 -2.133889570019434689e+00 1.871052349447632423e+03 3.218777624517880380e+06
1.237305458964208134e-02 -1.890916536709895013e+00 -2.106830361386224126e+02 -3.583181251497417688e+06
1.190119606163613473e-02 -1.829396789011520141e+00 7.593904054177098715e+02 -2.225995946887269616e+06
1.144761634918090715e-02 -1.889924129301028488e+00 -1.050438470501118445e+03 2.410099826696533710e+06
1.096767368647339966e-02 -1.822078505947267058e+00 1.608307910361758331e+03 2.772606699429681525e+06
1.054939734083953223e-02 -1.613353269091269526e+00 -1.826680041801897403e+02 -3.087281028564142063e+06
1.014675081393060646e-02 -1.560916082654931314e+00 6.513396179292813031e+02 -1.907102094362840056e+06
9.759734149773666503e-03 -1.613119303721479936e+00 -9.033634770449523330e+02 2.067343731638357043e+06
9.350005851743725671e-03 -1.555168053462429256e+00 1.380139293319688022e+03 2.383323272494290024e+06
8.993169083936347966e-03 -1.376142721679327607e+00 -1.578398089072858568e+02 -2.654352803963527083e+06
8.649687830137434141e-03 -1.331452571730290080e+00 5.579527859564291248e+02 -1.632150144999282435e+06
8.319562068333462984e-03 -1.376370760494399104e+00 -7.754981558179837293e+02 1.771053221032291651e+06
7.969911833984693467e-03 -1.326895151578979082e+00 1.182726938312739549e+03 2.045227089145832695e+06
7.665569428487547209e-03 -1.173538619173154718e+00 -1.360169245444295427e+02 -2.278186802332986146e+06
7.372632689540994239e-03 -1.135454333812590866e+00 4.774643867550664709e+02 -1.395630498505963944e+06
7.091101661172073516e-03 -1.174030785864484949e+00 -6.647734738907729479e+02 1.515630204200724140e+06
6.792814800560652809e-03 -1.131808417386680699e+00 1.012430413129874751e+03 1.752701998200761154e+06
6.533299448657104748e-03 -1.000575375266461453e+00 -1.169536947125187112e+02 -1.952600846864726394e+06
6.283520169958456067e-03 -9.681228239061735463e-01 4.082429844033432573e+02 -1.192547755460234359e+06
6.043476964464709368e-03 -1.001202227521218013e+00 -5.691910965877175386e+02 1.295943046203276142e+06
5.789073944192273460e-03 -9.651814981728760179e-01 8.658735887158820788e+02 1.500342822397588519e+06
5.567821236488143012e-03 -8.529746308938713772e-01 -1.003843008959095897e+02 -1.671632787493304349e+06
5.354876342853560379e-03 -8.253221153050933623e-01 3.488203554186979432e+02 -1.018450471991765779e+06
5.150239241275004348e-03 -8.536529145951669006e-01 -4.868921029616531087e+02 1.107341050671448000e+06
4.933309482419128388e-03 -8.229309870668258808e-01 7.399934591776083153e+02 1.283163514412895776e+06
4.744704606695405481e-03 -7.270570268960598881e-01 -8.604133788930418802e+01 -1.429785927454848308e+06
4.563186609229139684e-03 -7.034958479205625226e-01 2.978819237807385889e+02 -8.693582293559345417e+05
4.388755490020330996e-03 -7.277352636844577338e-01 -4.161717390416209810e+02 9.456540310507891700e+05
4.203810912191693373e-03 -7.015382346464668073e-01 6.320380250855242821e+02 1.096615320810204837e+06
4.043054789194633174e-03 -6.196651806914925675e-01 -7.366300077499259658e+01 -1.222010455092067830e+06
3.888342543918153500e-03 -5.995905829968828371e-01 2.542679524657273191e+02 -7.418143718794914894e+05
3.739674220389293310e-03 -6.203125992785891718e-01 -3.555016384563024303e+02 8.072042904343204573e+05
3.582020748820452256e-03 -5.979780368298479587e-01 5.395710669357270035e+02 9.366345837822076865e+05
3.445014065042750415e-03 -5.280926540044095230e-01 -6.300580432025055444e+01 -1.043792615930527914e+06
3.313160768109358559e-03 -5.109889863596264181e-01 2.169599320105068614e+02 -6.327977391627342440e+05
3.186460880033794435e-03 -5.286925828325839127e-01 -3.035231606227332577e+02 6.887752969516725279e+05
3.052086550861394122e-03 -5.096536666453170827e-01 4.604524860982583050e+02 7.996072004090561531e+05
2.935329508976017993e-03 -4.500224718441135363e-01 -5.385030300427309413e+01 -8.911298071663784795e+05
2.822965837186625342e-03 -4.354504234652126216e-01 1.850710469246056959e+02 -5.396652418273710646e+05
2.714995557506736084e-03 -4.505671180769987849e-01 -2.590375699415797612e+02 5.875435712281847373e+05
2.600473548219694748e-03 -4.343393933919117433e-01 3.928099700604835220e+02 6.823580345451645553e+05
2.500979375963180689e-03 -3.834729504315323445e-01 -4.599709480948545348e+01 -7.604900078237145208e+05
2.405230143582848257e-03 -3.710580122334382613e-01 1.578308977757759521e+02 -4.601468706667963415e+05
2.313225873092216063e-03 -3.839602228424670027e-01 -2.209980403900509032e+02 5.010661435241163708e+05
2.215630542969723553e-03 -3.701299732694877664e-01 3.350171889258454598e+02 5.821177903711628169e+05
2.130851094051538705e-03 -3.267504797473034794e-01 -3.926903238835390653e+01 -6.487892089884052984e+05
2.049263539368168571e-03 -3.161733770753199502e-01 1.345735398168386610e+02 -3.922847437256211415e+05
1.970867874516909254e-03 -3.271816966874859789e-01 -1.884934170719381257e+02 4.272355676878797822e+05
1.887702489842384319e-03 -3.153955219274785504e-01 2.856676659276747046e+02 4.964719863041325007e+05
1.815464483988087161e-03 -2.784082712318005637e-01 -3.351219525327528714e+01 -5.533488510804567486e+05
1.745946741526427023e-03 -2.693970724089017055e-01 1.147252615034374088e+02 -3.343854350731498562e+05
1.679149264658755421e-03 -2.787868096222436698e-01 -1.607344542965541621e+02 3.642234828537113499e+05
1.608283799521516332e-03 -2.687432691635991966e-01 2.435459628283641678e+02 4.233399195574237965e+05
1.546734008810096662e-03 -2.372113173570218336e-01 -2.858983250833896506e+01 -4.718476996248268988e+05
1.487502380349341570e-03 -2.295342546060167577e-01 9.779158775162133566e+01 -2.850016219790298492e+05
1.430588909736547811e-03 -2.375415596833601595e-01 -1.370389067724001677e+02 3.104652963722138666e+05
1.370206676456005258e-03 -2.289833998093316614e-01 2.076063787874647630e+02 3.609179289202962536e+05
1.317765102564672939e-03 -2.021056323178265779e-01 -2.438414935292289698e+01 -4.022799230196722783e+05
1.267298909612061056e-03 -1.955652150677826828e-01 8.334873643392219833e+01 -2.428899450841175858e+05
1.218808097598169824e-03 -2.023923320914663149e-01 -1.168197251905046983e+02 2.646127933051614091e+05
1.167359982818888531e-03 -1.951001971183189687e-01 1.769503717306370163e+02 3.076583954240488820e+05
1.122679754995255458e-03 -1.721920428296028760e-01 -2.079261385342970314e+01 -3.429210389564580983e+05
1.079682735878902513e-03 -1.666200224213903180e-01 7.103274912081019465e+01 -2.069857109161375556e+05
1.038368923268477963e-03 -1.724400077133125819e-01 -9.957184959751771203e+01 2.255130536919530714e+05
9.945342105001603143e-04 -1.662268006841158552e-01 1.508072994127370237e+02 2.622280996514457511e+05
9.564673281237534444e-04 -1.467036605270653216e-01 -1.772696937757993751e+01 -2.922868896584842587e+05
9.198346419288130731e-04 -1.419566661238665650e-01 6.053241218035109483e+01 -1.763791878061390016e+05
8.846361475126358464e-04 -1.469174898790969741e-01 -8.486246600937741391e+01 1.921776813014710788e+05
8.472889971445272906e-04 -1.416237139166339198e-01 1.285171670127108712e+02 2.234855205885703908e+05
8.148570539476837713e-04 -1.249865667780599154e-01 -1.511128748588744131e+01 -2.491056213738748338e+05
7.836470922050886708e-04 -1.209424497570799062e-01 5.158149581814446094e+01 -1.502910894278679043e+05
7.536591141180942624e-04 -1.251705030309276934e-01 -7.232046748919812273e+01 1.637598190456186421e+05
7.218399238305820732e-04 -1.206602192791985245e-01 1.095149787045663743e+02 1.904536078824559227e+05
6.942091181515213294e-04 -1.064832290620431332e-01 -1.287996798360680195e+01 -2.122882565083468799e+05
6.676194572696735616e-04 -1.030379354214445015e-01 4.395196173383176586e+01 -1.280567854978829855e+05
6.420709389836870389e-04 -1.066411715273400812e-01 -6.162805117857243431e+01 1.395384001602913486e+05
6.149618735204232271e-04 -1.027984673515160152e-01 9.331780616120028071e+01 1.622933179851385066e+05
5.914216838072548126e-04 -9.071841477189192260e-02 -1.097713571034165447e+01 -1.809006864820766496e+05
5.687685442573162846e-04 -8.778327113206538246e-02 3.744960636547816790e+01 -1.091089696054965025e+05
5.470024526692553700e-04 -9.085383186467597960e-02 -5.251392086658745484e+01 1.188951430291134166e+05
5.239065486047880978e-04 -8.757995129397254386e-02 7.951309570394552395e+01 1.382902695506507298e+05
5.038515326378873935e-04 -7.728705297551131947e-02 -9.354771677788100703e+00 -1.541464309661243460e+05
4.845522649979509561e-04 -7.478652908175588421e-02 3.190832039171570500e+01 -9.296184943291032687e+04
4.660087478863306795e-04 -7.740299900853682413e-02 -4.474574808991542341e+01 1.013021117522385612e+05
4.463320958837129382e-04 -7.461378245773825357e-02 6.774824815688198498e+01 1.178325356060838967e+05
4.292463734460780873e-04 -6.584391911821783905e-02 -7.971667273399178910e+00 -1.313432843782477430e+05
4.128045244297835759e-04 -6.371365682601258518e-02 2.718627358896331359e+01 -7.920309290811634855e+04
3.970065532375331913e-04 -6.594310157340546596e-02 -3.812543345291091157e+01 8.631046185657306341e+04
3.802430734984845319e-04 -6.356681845674977405e-02 5.772268848545349584e+01 1.003982242397061200e+05
3.656870940493814120e-04 -5.609479387895508623e-02 -6.792682194539816365e+00 -1.119103437149449019e+05
3.516796694837403961e-04 -5.427997981836864272e-02 2.316249206759412260e+01 -6.747920639423880493e+04
3.382208020029132153e-04 -5.617957490369801521e-02 -3.248362533207334479e+01 7.353585164149809862e+04
3.239392849091019292e-04 -5.415510626321284882e-02 4.917958585987748421e+01 8.554092533564666519e+04
3.115385412528010262e-04 -4.778899521516102866e-02 -5.787809478830179266e+00 -9.534976274516689591e+04
2.996051402051490200e-04 -4.624291931350667934e-02 1.973390489010139959e+01 -5.749004599229182350e+04
2.881390817661459648e-04 -4.786142142687398182e-02 -2.767603472303060386e+01 6.265124378392897779e+04
2.759721150790613855e-04 -4.613668028424991463e-02 4.190017509399877582e+01 7.288031330334406812e+04
2.654075278596769233e-04 -4.071289414948058710e-02 -4.931471500378632022e+00 -8.123773832548173959e+04
2.552410903555789941e-04 -3.939575522599239599e-02 1.681268887624156605e+01 -4.897919461450344534e+04
2.454728047681194376e-04 -4.077472609812471394e-02 -2.357963092305492125e+01 5.337660371138015762e+04
2.351073452388241795e-04 -3.930536347874737102e-02 3.569772288470606014e+01 6.209318787055669236e+04
2.261070607030825298e-04 -3.468446353390784720e-02 -4.201627650938644543e+00 -6.921331592821155209e+04
2.174459794018840863e-04 -3.356235682511515134e-02 1.432368907206281783e+01 -4.172832990942904144e+04
2.091240989137417659e-04 -3.473723723909236810e-02 -2.008925666054257775e+01 4.547508745068070129e+04
2.002934349268982223e-04 -3.348543007230748297e-02 3.041314663891589376e+01 5.290147090894289431e+04
1.926258457580295081e-04 -2.954861325123124896e-02 -3.579837646352607372e+00 -5.896794291617287672e+04
1.852472346589738761e-04 -2.859267165482192938e-02 1.220311450233191763e+01 -3.555008488325879443e+04
1.781576018498664616e-04 -2.959363813665192092e-02 -1.711532445655214474e+01 3.874244072681388934e+04
1.706344999548227599e-04 -2.852718569860287004e-02 2.591059685698964898e+01 4.507011023189590196e+04
1.641022813699554740e-04 -2.517320713240686972e-02 -3.049961522148983750e+00 -5.023852644155966118e+04
1.578162531777478042e-04 -2.435882084857566091e-02 1.039638355993282737e+01 -3.028656403033886454e+04
1.517764151580646152e-04 -2.521161014887427637e-02 -1.458148885305666198e+01 3.300645459202310303e+04
1.453672781211452607e-04 -2.430306803381434774e-02 2.207445890965794888e+01 3.839764985894769779e+04
1.398023194786591182e-04 -2.144566124617664979e-02 -2.598479021286315582e+00 -4.280093604656992829e+04
1.344470981619470991e-04 -2.075186884546191893e-02 8.857096742175588844e+00 -2.580225168245614623e+04
1.293016137307388517e-04 -2.147840912843134928e-02 -1.242267611900486379e+01 2.811957760377210798e+04
1.238415037188373346e-04 -2.070439605610656375e-02 1.880616162499703137e+01 3.271271986122510862e+04
1.191005835222579465e-04 -1.827005658655090140e-02 -2.213813693923403658e+00 -3.646410794769486529e+04
1.145383444189196473e-04 -1.767899941868527128e-02 7.545698771803939664e+00 -2.198184230876255606e+04
1.101547866289576534e-04 -1.829797583377438391e-02 -1.058342986681796916e+01 2.395608310801030893e+04
1.055031838648036951e-04 -1.763857512293929425e-02 1.602169123258593331e+01 2.786941940610508027e+04
1.014642855802391064e-04 -1.556466996566964467e-02 -1.886068426917508312e+00 -3.106542345362521883e+04
9.757761056039585240e-05 -1.506113859595909973e-02 6.428422358452904106e+00 -1.872695208120046300e+04
9.384315858513874364e-05 -1.558847149861471680e-02 -9.016420744175849933e+00 2.040900397132700891e+04
8.988034826840172065e-05 -1.502671042047739290e-02 1.364942406547641518e+01 2.374295668017446587e+04
8.643952119671300261e-05 -1.325988276775438672e-02 -1.606833890892196193e+00 -2.646578845262109826e+04
8.312837686695692012e-05 -1.283091428085729110e-02 5.476571638572430345e+00 -1.595403199253779894e+04
7.994691527913345963e-05 -1.328017000395564223e-02 -7.681405254550402795e+00 1.738706005887384526e+04
7.657090657428355972e-05 -1.280159237675122276e-02 1.162837521397976737e+01 2.022743466193035420e+04
7.363959142864447973e-05 -1.129637776939471268e-02 -1.368930903082121509e+00 -2.254710648897594365e+04
7.081875619192138922e-05 -1.093093034496049262e-02 4.665653531711103419e+00 -1.359166889325050579e+04
6.810840108424947757e-05 -1.131366682160249611e-02 -6.544038873676435664e+00 1.481248641484619293e+04
6.523230442988722506e-05 -1.090595725685469634e-02 9.906546986524856990e+00 1.723244469163073518e+04
6.273505471641793512e-05 -9.623621009008549720e-03 -1.166234289918284484e+00 -1.920861017627137335e+04
6.033192578525057334e-05 -9.312288806465182991e-03 3.974787349816085502e+00 -1.157911962705046608e+04
5.802291719611473385e-05 -9.638355627540041992e-03 -5.575058854284653975e+00 1.261919391207685112e+04
5.557270817169677606e-05 -9.291018190626729525e-03 8.439658521588413009e+00 1.468079804001096636e+04
5.344524903734605047e-05 -8.198561941153696686e-03 -9.935568733346131776e-01 -1.636436230072022590e+04
5.139797348605901916e-05 -7.933331563701948030e-03 3.386225719607973694e+00 -9.864542460895223485e+03
4.943088129770047243e-05 -8.211117739604877758e-03 -4.749550496561846025e+00 1.075060866557440750e+04
4.734349623399868674e-05 -7.915213588398101879e-03 7.189966620576067058e+00 1.250699861021468678e+04
4.553107015058050947e-05 -6.984521437701730374e-03 -8.464418098356972786e-01 -1.394129886571941461e+04
4.378695421840719495e-05 -6.758567769079372282e-03 2.884800340251585382e+00 -8.403798511230801523e+03
4.211114799720837797e-05 -6.995221205804490888e-03 -4.046256239779920882e+00 9.158719751311902655e+03
4.033286135981404083e-05 -6.743133079318918734e-03 6.125305475966669633e+00 1.065498113456409919e+04
3.878881881851218877e-05 -5.950255280841471386e-03 -7.211120551919687482e-01 -1.187691407451294799e+04
3.730297099627497183e-05 -5.757760524959228653e-03 2.457633831699882254e+00 -7.159384567713736033e+03
3.587531789310236967e-05 -5.959371337359402332e-03 -3.447108863853750815e+00 7.802490641426520597e+03
3.436035895288337054e-05 -5.744613420723907946e-03 5.218288175557273867e+00 9.077274128296307026e+03
3.304495784691756979e-05 -5.069141975892337525e-03 -6.143294768646951898e-01 -1.011823451075134290e+04
3.177913426794883896e-05 -4.905151366214694809e-03 2.093712068468831955e+00 -6.099249370359379100e+03
3.056288799584199546e-05 -5.076908725469806392e-03 -2.936672294609075529e+00 6.647118179256318399e+03
2.927226376607439844e-05 -4.893952124984500204e-03 4.445576334687364906e+00 7.733147847956479382e+03
2.815164730300654685e-05 -4.318502625028104898e-03 -5.233598270498960314e-01 -8.619959960372092610e+03
2.707326707843761264e-05 -4.178795629177571927e-03 1.783676249179626971e+00 -5.196109032560914784e+03
2.603712265209720691e-05 -4.325120816714671593e-03 -2.501820244971553642e+00 5.662871075555882271e+03
2.493761385185722557e-05 -4.169255330194205494e-03 3.787291496322719109e+00 6.588007696054464759e+03
2.398293859809831003e-05 -3.679017942378638370e-03 -4.458736722771786676e-01 -7.343542987441269361e+03
2.306424488164491801e-05 -3.559999577212806521e-03 1.519558627647611404e+00 -4.426630170390657440e+03
2.218153292263224226e-05 -3.684656025473915641e-03 -2.131355601912908959e+00 4.824280513375160808e+03
2.124483950003731858e-05 -3.551871539205141756e-03 3.226473323438153962e+00 5.612484466376507044e+03
2.043153279880619805e-05 -3.134227656838122801e-03 -3.798474975292431277e-01 -6.256121126277235817e+03
1.964887961478895104e-05 -3.032833197462281739e-03 1.294543118717930152e+00 -3.771162417910241857e+03
1.889687996999909648e-05 -3.139031572192706870e-03 -1.815751634274385351e+00 4.109921156976499333e+03
1.809889216854857752e-05 -3.025909864677550718e-03 2.748703856158978720e+00 4.781406639296797948e+03
1.740602021979156209e-05 -2.670109791174946241e-03 -3.236010981236136508e-01 -5.329741280354459377e+03
1.673926262261516288e-05 -2.583730171242972721e-03 1.102847239206112384e+00 -3.212720921313348299e+03
1.609861935500586774e-05 -2.674202762873690523e-03 -1.546876022469989564e+00 3.501325873451365624e+03
1.541879783489554512e-05 -2.577832058220366415e-03 2.341677043025093052e+00 4.073375073335659181e+03
1.482852665024318686e-05 -2.274718828005955259e-03 -2.756831501604299350e-01 -4.540511699079290338e+03
1.426050279031811534e-05 -2.201130221818899980e-03 9.395389081270550946e-01 -2.736985895794938187e+03
1.371472627713385120e-05 -2.278205780638033976e-03 -1.317816842361987373e+00 2.982850975840357933e+03
1.313557295428283955e-05 -2.196105711109041722e-03 1.994923473776881950e+00 3.470196780231415687e+03
1.263270941920290394e-05 -1.937877221618230020e-03 -2.348605130885763614e-01 -3.868162145485095607e+03
1.214879881967032631e-05 -1.875185785466798507e-03 8.004116930893463433e-01 -2.331689566541450404e+03
1.168384115568509819e-05 -1.940848033064237772e-03 -1.122674669799782032e+00 2.541150531116427373e+03
1.119044911332351598e-05 -1.870905349085325497e-03 1.699515332752757235e+00 2.956331118036658154e+03
1.076204987292641106e-05 -1.650915292678417070e-03 -2.000822699701783614e-01 -3.295366205307825112e+03
1.034979702049439977e-05 -1.597507240848471989e-03 6.818863621752579984e-01 -1.986413943735337853e+03
9.953690534013963186e-06 -1.653446311127049944e-03 -9.564292518388740616e-01 2.164858197824838498e+03
9.533360216976691416e-06 -1.593860765398628487e-03 1.447851119374828910e+00 2.518558238830821210e+03
9.168398567443825523e-06 -1.406446823704673478e-03 -1.704540358057537175e-01 -2.807388560750693614e+03
8.817192351521646869e-06 -1.360947430700287222e-03 5.809126207170810519e-01 -1.692265979721013537e+03
8.479741547196638211e-06 -1.408603053148392180e-03 -8.148012931851055241e-01 1.844285391082537899e+03
8.121653971231697916e-06 -1.357840974539976844e-03 1.233453142080133347e+00 2.145610671747484957e+03
7.810736061526729845e-06 -1.198179308586045126e-03 -1.452132315305875165e-01 -2.391671338218272467e+03
7.511536674506377306e-06 -1.159417518852276074e-03 4.948907916666692719e-01 -1.441673523835958804e+03
7.224055788157124748e-06 -1.200016277828036548e-03 -6.941452489650801194e-01 1.571181224348203614e+03
6.918994024881506001e-06 -1.156771135368698253e-03 1.050802602454148360e+00 1.827890355892883235e+03
6.654117016229059154e-06 -1.020752175945867889e-03 -1.237093554956511521e-01 -2.037511926286601920e+03
6.399223270587942927e-06 -9.877302126736690717e-04 4.216066271873445959e-01 -1.228194353948113530e+03
6.154312721917597965e-06 -1.022317244146151664e-03 -5.913560944364969485e-01 1.338528474788916355e+03
5.894424681135000015e-06 -9.854756429988464211e-04 8.952005117094949949e-01 1.557207069058250454e+03
5.668770854576149467e-06 -8.695985865694666819e-04 -1.053923444524338116e-01 -1.735791751213167117e+03
5.451621907110190924e-06 -8.414664886410372704e-04 3.591770513008757937e-01 -1.046321589109007618e+03
5.242977904777683741e-06 -8.709317673920045693e-04 -5.037895767682769588e-01 1.140311319859081777e+03
5.021574228359288106e-06 -8.395459189017353283e-04 7.626394272311165512e-01 1.326624820835563696e+03
4.829335360895851712e-06 -7.408277932322399843e-04 -8.978555231843964035e-02 -1.478762309803290464e+03
4.644341979095279846e-06 -7.168616242787201418e-04 3.059892746771548655e-01 -8.913774122699328473e+02
4.466594104971091444e-06 -7.419636055219216639e-04 -4.291872493310153192e-01 9.714515947321215208e+02
4.277976043149403035e-06 -7.152254002439460559e-04 6.497064616499318435e-01 1.130177277014772699e+03
4.114204024003057491e-06 -6.311255317628077909e-04 -7.648927658780439731e-02 -1.259785029872683936e+03
3.956604595623705291e-06 -6.107082532561535241e-04 2.606775369945325549e-01 -7.593842533888291655e+02
3.805177735997830461e-06 -6.320931917346133419e-04 -3.656326216552158170e-01 8.276019026190638215e+02
3.644490361221046038e-06 -6.093143135292588847e-04 5.534976526260306784e-01 9.628180304905472440e+02
3.504969821611576857e-06 -5.376680056934846812e-04 -6.516276281377690605e-02 -1.073235718483990240e+03
3.370707827427350030e-06 -5.202741618599466015e-04 2.220760878322487475e-01 -6.469339340799656384e+02
3.241704356654847891e-06 -5.384924179748567727e-04 -3.114893949489629943e-01 7.050518691816241699e+02
3.104811680892774764e-06 -5.190865862485973935e-04 4.715355587001462956e-01 8.202401077682379764e+02
2.985951445375196871e-06 -4.580497887863805911e-04 -5.551399705776371291e-02 -9.143075255601856952e+02
2.871571049056786013e-06 -4.432315932817762851e-04 1.891916901584426158e-01 -5.511364280279362902e+02
2.761670513951062398e-06 -4.587520756076019814e-04 -2.653646283306764220e-01 6.006456623969796738e+02
2.645048987289515030e-06 -4.422199398028237136e-04 4.017107490496948929e-01 6.987824851358268461e+02
2.543789661000721014e-06 -3.902214018574254859e-04 -4.729343664862063756e-02 -7.789213027548400987e+02
2.446346796511794786e-06 -3.775976066107224519e-04 1.611755172479911180e-01 -4.695200557369078069e+02
2.352720393822738040e-06 -3.908197531607387316e-04 -2.260684775276728398e-01 5.117010351538456234e+02
2.253368274805237588e-06 -3.767356786992683937e-04 3.422245358548528515e-01 5.953041384038619981e+02
2.167103492300623359e-06 -3.324371867875749792e-04 -4.028986752603654076e-02 -6.635742687496613144e+02
2.084090038331150232e-06 -3.216826286172980815e-04 1.373087303670213200e-01 -3.999967292591927617e+02
2.004327910695467668e-06 -3.329468859913561614e-04 -1.925925516057998277e-01 4.359289768292765075e+02
1.919687917421037758e-06 -3.209484090219859764e-04 2.915479914472356993e-01 5.071519549046581687e+02
1.846197287293848442e-06 -2.832096413194889746e-04 -3.432387732810063957e-02 -5.653127051155220215e+02
1.775476523621975288e-06 -2.740476403568665184e-04 1.169760761670038535e-01 -3.407641178053515887e+02
1.707525630808122763e-06 -2.836438606315365581e-04 -1.640733582221041154e-01 3.713754056088878315e+02
1.635419188750968170e-06 -2.734221472446882292e-04 2.483753119468538884e-01 4.320533247279988700e+02
1.572811102509572944e-06 -2.412717492456199883e-04 -2.924106679058599556e-02 -4.816012073426679763e+02
1.512562722432164694e-06 -2.334664681937989334e-04 9.965404446223344315e-02 -2.903037051727703783e+02
1.454674044116039167e-06 -2.416416853591264518e-04 -1.397771856785780531e-01 3.163826013778466404e+02
1.393245175866609711e-06 -2.329335886350371711e-04 2.115957660039794186e-01 3.680739581623340655e+02
1.339908142647736016e-06 -2.055440498500701668e-04 -2.491109178570297816e-02 -4.102853073126839263e+02
1.288581386198124461e-06 -1.988945847960727831e-04 8.489723996480867674e-02 -2.473150413816460969e+02
1.239264906517775044e-06 -2.058592009896657697e-04 -1.190788710563261410e-01 2.695321215917908830e+02
1.186932471251637360e-06 -1.984406112826651966e-04 1.802624735784102428e-01 3.135693583776987907e+02
1.141493624538143910e-06 -1.751069382740336503e-04 -2.122221741908091042e-02 -3.495297114556465203e+02
1.097767372378631468e-06 -1.694421220078610709e-04 7.232562142689047402e-02 -2.106927383733502666e+02
1.055753714773100034e-06 -1.753754168650629704e-04 -1.014456262063965497e-01 2.296197595012602051e+02
1.011170705254046870e-06 -1.690553755425431215e-04 1.535691205518075475e-01 2.671356898673130900e+02
9.724604777807590749e-07 -1.491769723858824763e-04 -1.807968179380101820e-02 -2.977711860193677467e+02
9.352092403155457303e-07 -1.443510113896107180e-04 6.161563899526981830e-02 -1.794927244682944547e+02
8.994169972611109841e-07 -1.494056833706775337e-04 -8.642344719707115153e-02 1.956168990533051328e+02
8.614358751525716327e-07 -1.440215290316690670e-04 1.308284105898221694e-01 2.275783873897023568e+02
8.284578866134479446e-07 -1.270867301371341254e-04 -1.540232800349893710e-02 -2.536770182892475987e+02
7.967228430028504706e-07 -1.229753971036305713e-04 5.249146595794396825e-02 -1.529136498152489594e+02
7.662307421194270840e-07 -1.272815808386027771e-04 -7.362577139148665517e-02 1.666502968943914311e+02
7.338738936404275624e-07 -1.226947058066073476e-04 1.114552577822302271e-01 1.938779641291179132e+02
7.057793115428184169e-07 -1.082676327460916862e-04 -1.312158499972191673e-02 -2.161119167096866249e+02
6.787436171388498691e-07 -1.047650990599738508e-04 4.471858614670863596e-02 -1.302703569166297939e+02
6.527668126298735164e-07 -1.084336214948194857e-04 -6.272330447682249177e-02 1.419727106509992609e+02
6.252013915053638148e-07 -1.045259712616482359e-04 9.495099350947890093e-02 1.651684026658750781e+02
6.012670805509116904e-07 -9.223526676897351605e-05 -1.117863765770443253e-02 -1.841103194850836644e+02
5.782348527919101955e-07 -8.925140554375362483e-05 3.809666097274341801e-02 -1.109791151663656592e+02
5.561047148324153925e-07 -9.237667345232707843e-05 -5.343514621521476549e-02 1.209486774604224593e+02
5.326212055283299628e-07 -8.904768033675231032e-05 8.089049862890332343e-02 1.407104571985936445e+02
5.122311063771282015e-07 -7.857698867600333139e-05 -9.523198091724483991e-03 -1.568471287729144592e+02
4.926095123872329092e-07 -7.603497604495643018e-05 3.245519854012771793e-02 -9.454554317224244642e+01
4.737564235586437156e-07 -7.869746170185690410e-05 -4.552239911276119433e-02 1.030388892094445623e+02
4.537503722623671545e-07 -7.586141988789665293e-05 6.891219346917676347e-02 1.198739254830530285e+02
4.363796584032355113e-07 -6.694122919826012445e-05 -8.112979843466929311e-03 -1.336215599101254270e+02
4.196636486168614172e-07 -6.477565443987965061e-05 2.764911852414243115e-02 -8.054458518296286229e+01
4.036023407018929045e-07 -6.704386492693067013e-05 -3.878125117888911455e-02 8.778064461691053566e+01
3.865588071736907783e-07 -6.462778186712389062e-05 5.870749296541165341e-02 1.021225000105503113e+02
3.717603642207184543e-07 -5.702851392667267915e-05 -6.911543093853432865e-03 -1.138341476386844420e+02
3.575196778022090034e-07 -5.518360466418671873e-05 2.355482793730991065e-02 -6.861788979303315728e+01
3.438367457168103519e-07 -5.711594009661795411e-05 -3.303851331601189573e-02 7.478206414491586429e+01
3.293170357418430800e-07 -5.505763510955827235e-05 5.001404257670648973e-02 8.700020888612846193e+01
3.167099615719902312e-07 -4.858367062690743945e-05 -5.888065829617686667e-03 -9.697752985269946180e+01
3.045780514141368699e-07 -4.701195601877561977e-05 2.006680951075202890e-02 -5.845688626678392552e+01
2.929213030669311872e-07 -4.865814772961672116e-05 -2.814612379979237328e-02 6.370837927773925458e+01
2.805516887280468837e-07 -4.690463166932912420e-05 4.260794420994151732e-02 7.411698554610052270e+01
2.698114864583671637e-07 -4.138933881811898723e-05 -5.016187918082113881e-03 -8.261709088161850900e+01
2.594760841881063511e-07 -4.005036979779553916e-05 1.709530835656400058e-02 -4.980025226015621342e+01
2.495454819172643399e-07 -4.145278311073264169e-05 -2.397817912017286002e-02 5.427420549715486686e+01
2.390075772844300830e-07 -3.995892861891691636e-05 3.629849048403190753e-02 6.314161580115174388e+01
2.298577989402053020e-07 -3.526034813749353539e-05 -4.273371187026388934e-03 -7.038297350400409869e+01
2.210528777827798780e-07 -3.411965241813746881e-05 1.456382104295694466e-02 -4.242575507803465484e+01
2.125928140322888332e-07 -3.531439088081736580e-05 -2.042744056058443114e-02 4.623716133344640866e+01
2.036153788690094108e-07 -3.404174719962650063e-05 3.092335467816599570e-02 5.379151336675775497e+01
1.958205143566613022e-07 -3.003893809166941086e-05 -3.640550415703837014e-03 -5.996053306191046772e+01
1.883194407298159636e-07 -2.906715530664103327e-05 1.240720004226192850e-02 -3.614323674996472846e+01
1.811121584287436511e-07 -3.008496981563991670e-05 -1.740248874515762031e-02 3.939022010832405840e+01
1.734641190259533068e-07 -2.900077941667157102e-05 2.634416851557548622e-02 4.582597799643099279e+01
1.668235333897371029e-07 -2.559071138096960098e-05 -3.101435555635146443e-03 -5.108149381977861481e+01
1.604332342016870348e-07 -2.476283044507335190e-05 1.056992182857332922e-02 -3.079096296134238742e+01
1.542932219020735170e-07 -2.562991802165887566e-05 -1.482545027467234433e-02 3.355716903670179363e+01
1.477777225849933910e-07 -2.470627309205702173e-05 2.244305740922043074e-02 3.903991378230031728e+01
1.421204911951371598e-07 -2.180117445487423587e-05 -2.642147844527573813e-03 -4.351719500416592723e+01
1.366764840724869699e-07 -2.109588506057130035e-05 9.004707025225752726e-03 -2.623133837357264042e+01
1.314457014371779225e-07 -2.183456778750774655e-05 -1.263003259757126268e-02 2.858793146193227130e+01
1.258950361726696796e-07 -2.104769444662594682e-05 1.911963837935147861e-02 3.325878877535200218e+01
1.210755451034388253e-07 -1.857278617990656012e-05 -2.250868171845969799e-03 -3.707311345463705266e+01
1.164377045310459283e-07 -1.797193588598616518e-05 7.671267541886249257e-03 -2.234678500638656828e+01
1.119815144554910413e-07 -1.860122364922650552e-05 -1.075968458322449500e-02 2.435445654364102097e+01
1.072528133029809299e-07 -1.793086850415354655e-05 1.628832580307849887e-02 2.833365796612933707e+01
1.031470117511797383e-07 -1.582245148569276009e-05 -1.917523592083900542e-03 -3.158315651447135508e+01
9.919596237717872043e-08 -1.531057327157858165e-05 6.535283190768407385e-03 -1.903754325596487718e+01
9.539966496084273526e-08 -1.584666717942033999e-05 -9.166305915396329509e-03 2.074794165858183703e+01
9.137121297165106106e-08 -1.527557497271929971e-05 1.387629019416218058e-02 2.413786066236276895e+01
8.787341997553615025e-08 -1.347937693922130382e-05 -1.633543017826441816e-03 -2.690622953719429233e+01
8.450746396433694098e-08 -1.304329676240928889e-05 5.567519255783665022e-03 -1.621819377412771246e+01
8.127334493805345973e-08 -1.349999163723648606e-05 -7.808846956989945118e-03 1.767535736374314581e+01
7.784145293364868405e-08 -1.301346397695334806e-05 1.182140113567742984e-02 2.056334687788023530e+01
7.486163738250407042e-08 -1.148325377803594942e-05 -1.391599777781948096e-03 -2.292177872476817413e+01
7.199413722750138638e-08 -1.111174580817274983e-05 4.743054833194401514e-03 -1.381638760860374759e+01
6.923895224850542457e-08 -1.150079961952966967e-05 -6.652394473001969899e-03 1.505779281654295687e+01
6.631528481955094320e-08 -1.108631342862130551e-05 1.007079846116742429e-02 1.751813987810810147e+01
6.377674787039289637e-08 -9.782703008671615239e-06 -1.185476747394815502e-03 -1.952733962168957760e+01
6.133389576407168310e-08 -9.466204460686703773e-06 4.040678320575755850e-03 -1.177022307844971039e+01
5.898672806031695483e-08 -9.797631545750867165e-06 -5.667175336955077546e-03 1.282784886076539266e+01
5.649603177149579814e-08 -9.444516727355802292e-06 8.579424345540641664e-03 1.492377993496671884e+01
5.433343333708186665e-08 -8.333953264066260038e-06 -1.009886986126801514e-03 -1.663550839072001963e+01
5.225235140431557975e-08 -8.064318320776765197e-06 3.442322220895727321e-03 -1.002697186784901362e+01
5.025278641346731247e-08 -8.346648147516786773e-06 -4.827837372674589726e-03 1.092799122354271901e+01
4.813095195339219132e-08 -8.045818485204625519e-06 7.308878433959348046e-03 1.271368153044161886e+01
4.628862776868295086e-08 -7.099713596968492131e-06 -8.602745231119035768e-04 -1.417196315055694811e+01
4.451575051334701042e-08 -6.870003075344335528e-06 2.932550143446232237e-03 -8.541768414371155416e+00
4.281232040751954429e-08 -7.110502006279551169e-06 -4.112741556876273880e-03 9.309432402869141754e+00
4.100473355601401913e-08 -6.854213037865306117e-06 6.226440331603002622e-03 1.083072106077577956e+01
3.943526319875298215e-08 -6.048217910327938043e-06 -7.328035412941986699e-04 -1.207306045898737779e+01
3.792495769634509771e-08 -5.852516687098352752e-06 2.498268092172190990e-03 -7.276546097995947093e+00
3.647381726892554670e-08 -6.057377768684200655e-06 -3.503527369343151752e-03 7.930558914383745162e+00
3.493395113247503439e-08 -5.839032395595244153e-06 5.304291909777179848e-03 9.226596251720778241e+00
3.359693759368747337e-08 -5.152398081803582831e-06 -6.242024439602757938e-04 -1.028504481667239645e+01
3.231032951035186125e-08 -4.985671858411480723e-06 2.128284871720434804e-03 -6.198501441712103599e+00
3.107412710260339878e-08 -5.160165979181352820e-06 -2.984477229695800711e-03 6.755753154694559726e+00
2.976234678026581990e-08 -4.974144624637295343e-06 4.518655899396038442e-03 7.859941155041124006e+00
2.862337588520900810e-08 -4.389198919734778468e-06 -5.316582014810414432e-04 -8.761689436281944410e+00
2.752734874315628489e-08 -4.247154366496876752e-06 1.813082190903203116e-03 -5.280067911827337923e+00
2.647426535410765028e-08 -4.395773940657845841e-06 -2.542250283949318724e-03 5.754856093971987718e+00
2.535680629009012428e-08 -4.237288840145654337e-06 3.849328938687785005e-03 6.695604509354367906e+00
2.438656153464871264e-08 -3.738975248578826854e-06 -4.527966817523454879e-04 -7.463830905025787388e+00
2.345290434869475871e-08 -3.617955044754957396e-06 1.544550187313362740e-03 -4.497625905744268238e+00
2.255583429195788744e-08 -3.744528167791889939e-06 -2.165476958653038842e-03 4.902171205194544967e+00
2.160393324792161159e-08 -3.609498761922483651e-06 3.279105047217515962e-03 5.703599403815886149e+00
2.077744137329313698e-08 -3.184990085282169470e-06 -3.856083282264790484e-04 -6.358145255339399782e+00
1.998212209465986828e-08 -3.081880902082590003e-06 1.315785779835471027e-03 -3.830849591042808200e+00
1.921797543403532820e-08 -3.189662750253192454e-06 -1.844440034627982047e-03 4.175563142692620744e+00
1.840713127512285855e-08 -3.074615284244131549e-06 2.793273235363779444e-03 4.858446486612031379e+00
1.770311870258569998e-08 -2.712984875061768594e-06 -3.283361871611784641e-04 -5.416102919539108385e+00
1.702566640948639108e-08 -2.625132073010338306e-06 1.120882981038424236e-03 -3.262717860359837019e+00
1.637477439582493186e-08 -2.716898098555847020e-06 -1.570878498532282674e-03 3.556466624525221221e+00
1.568411632467435665e-08 -2.618870944138733072e-06 2.379340548177771159e-03 4.138342167931101656e+00
1.508446214165058996e-08 -2.310810355484914869e-06 -2.795146347105697681e-04 -4.613468930389098333e+00
1.450743961738478543e-08 -2.235952485673743739e-06 9.548315118899761058e-04 -2.778574881828252074e+00
1.395304868583638315e-08 -2.314064921999763702e-06 -1.337752091991507939e-03 3.028918970330853000e+00
1.336479953097115572e-08 -2.230534823697877938e-06 2.026652580771038346e-03 3.524751827077579946e+00
1.285406900254246301e-08 -1.968114813757148459e-06 -2.378894193087924931e-04 -3.929574206448599227e+00
1.236262401192181719e-08 -1.904324788629669310e-06 8.133599269833278154e-04 -2.365966846735705786e+00
1.189046451508218107e-08 -1.970794674463761333e-06 -1.139064571326074303e-03 2.579339769184047171e+00
1.138948293776708685e-08 -1.899611789137535366e-06 1.726134380956395164e-03 3.001901217676319789e+00
1.095453016265425974e-08 -1.676077278397561356e-06 -2.023891735442732748e-04 -3.346839866507718142e+00
1.053601318724266812e-08 -1.621713333065778727e-06 6.928252676791971619e-04 -2.014251110971811087e+00
1.013393203354582976e-08 -1.678251509620968169e-06 -9.696975682499232949e-04 2.196143573927171744e+00
9.707323020579304927e-09 -1.617583905480686897e-06 1.470045971843147309e-03 2.556325265230519506e+00
9.336952517312504002e-09 -1.427181123917969729e-06 -1.720973621062140888e-04 -2.850242161124749707e+00
8.980591197491523377e-09 -1.380843474884334926e-06 5.901249319402066765e-04 -1.714409099566798211e+00
8.638239083129882464e-09 -1.428906048177813298e-06 -8.252963695566241202e-04 1.869490469987031389e+00
8.275021762840191440e-09 -1.377192268969239930e-06 1.251801336979518810e-03 2.176564080090413356e+00
7.959700400847471611e-09 -1.215019615720240708e-06 -1.462364249550247288e-04 -2.427027455129503686e+00
7.656322209502198579e-09 -1.175515728064942329e-06 5.026148150450642860e-04 -1.458692522785854706e+00
7.364887188804373170e-09 -1.216339945506094414e-06 -7.021398451053032907e-04 1.590956504469581922e+00
7.055712485653102143e-09 -1.172249039221097926e-06 1.065778542428647653e-03 1.852831233510521258e+00
6.787324034521997110e-09 -1.034132127768905536e-06 -1.241393791854344063e-04 -2.066275847473245442e+00
6.529120204061799624e-09 -1.000444743475661069e-06 4.280440316221091569e-04 -1.240541973295996137e+00
6.281100972258992752e-09 -1.035081920798539363e-06 -5.970613783954025443e-04 1.353379750137611026e+00
6.018010778941661433e-09 -9.974792154611758433e-07 9.071922791171736257e-04 1.576801942686316238e+00
5.789647066163095158e-09 -8.798625583752597957e-07 -1.052391217617228966e-04 -1.758720441278721403e+00
5.569971561064824918e-09 -8.511246566868479684e-07 3.644924133964701110e-04 -1.054318566219863307e+00
5.358984263646849058e-09 -8.804662981957151283e-07 -5.073525298082538857e-04 1.150633809599804103e+00
5.135206759391939256e-09 -8.483840666051092299e-07 7.719574781881324106e-04 1.341364105320583811e+00
4.940989823139094941e-09 -7.482401501735107256e-07 -8.904762501266362984e-05 -1.496431373335064485e+00
4.754188338930398958e-09 -7.237118340153261039e-07 3.103235604810425353e-04 -8.952456244654003470e-01
4.574802306765851308e-09 -7.485136041493199652e-07 -4.307061934548158527e-04 9.775110498908432533e-01
4.384577478182098254e-09 -7.211261748348969146e-07 6.565952267102899160e-04 1.140461419652995190e+00
4.219508268393359639e-09 -6.358769904402292678e-07 -7.514882199740161603e-05 -1.272668271013853492e+00
4.060772634237091819e-09 -6.149269359178204572e-07 2.641432842610776164e-04 -7.592116449881238793e-01
3.908370597726811727e-09 -6.358271170069852895e-07 -3.651467692885190667e-04 8.295394834729412636e-01
3.746802153859948362e-09 -6.124298807138613952e-07 5.581322206412267809e-04 9.689209476581446268e-01
3.606631819192489148e-09 -5.398811141209941091e-07 -6.318275832169686500e-05 -1.081655142503657796e+00
3.471876281909132215e-09 -5.219696810635040343e-07 2.247624553270189686e-04 -6.427375614140045101e-01
3.342535519996359389e-09 -5.395066895679775176e-07 -3.089890426061089814e-04 7.029299767467342974e-01
3.205464688823882571e-09 -5.194974131287944291e-07 4.740380260521565026e-04 8.223245031287174100e-01
3.086585323558171198e-09 -4.577814551291252470e-07 -5.284438920269165883e-05 -9.184921484205985642e-01
2.972341323004354915e-09 -4.424477560445507111e-07 1.911679576209415364e-04 -5.427967306209020570e-01
2.862732687162434547e-09 -4.570726939866516949e-07 -2.607842163190476513e-04 5.944011455079349915e-01
2.746631361971696572e-09 -4.399366271115602751e-07 4.021434619420516019e-04 6.968982004424799648e-01
2.645983020906646001e-09 -3.874650392550655672e-07 -4.386498083783637133e-05 -7.789631215033221423e-01
2.549309969182063782e-09 -3.743141179112616294e-07 1.624943584906620212e-04 -4.568349558458639770e-01
2.456612206797948259e-09 -3.864035098018848100e-07 -2.192925146657378165e-04 5.011725389519625651e-01
2.358491986325069559e-09 -3.716996499365357660e-07 3.406001171102352311e-04 5.894139034728902438e-01
2.273484030474150943e-09 -3.271217298264678928e-07 -3.601450248668214402e-05 -6.594920066948577464e-01
2.191893605227884741e-09 -3.158152997831222190e-07 1.380022793901089192e-04 -3.826199293349732411e-01
2.113720699579512075e-09 -3.256799927457151139e-07 -1.834425059142103149e-04 4.208356829044153091e-01
2.031056087243802734e-09 -3.130299380538181222e-07 2.878204004097386151e-04 4.970946499528678952e-01
1.959500405824728591e-09 -2.751986550007743674e-07 -2.909017711229668573e-05 -5.569863370929244439e-01
1.890892460095626287e-09 -2.654456008579768362e-07 1.170619063922609930e-04 -3.182512297908992593e-01
1.825232245653791237e-09 -2.733392736461912655e-07 -1.523121931130378640e-04 3.513270642476291616e-01
1.755895531366782835e-09 -2.624174122263395108e-07 2.424469215975060758e-04 4.175631552633225496e-01
1.695950273045234906e-09 -2.303593455168631166e-07 -2.291448611070649871e-05 -4.688072012729440630e-01
1.638558814085935821e-09 -2.219085358693177615e-07 9.913440924308209324e-05 -2.620844984246322174e-01
1.583721147884829216e-09 -2.280346833023421686e-07 -1.251035501875058498e-04 2.908764260498815091e-01
1.525927528347056233e-09 -2.185595635749490994e-07 2.033164707848204324e-04 3.487635327259652751e-01
1.476049686317808553e-09 -1.914498533020590494e-07 -1.733186782253672283e-05 -3.926703685741134153e-01
1.428397384657442364e-09 -1.840832184436004633e-07 8.376244844097389128e-05 -2.127303265556684808e-01
1.382970621164605269e-09 -1.886019386067160918e-07 -1.011323848898894301e-04 2.379854699885555203e-01
1.335231815179424439e-09 -1.803287235125535602e-07 1.694406775631459477e-04 2.889271960675097173e-01
1.294137527985924395e-09 -1.574687700359439009e-07 -1.220816880449014343e-05 -3.266036612338040213e-01
1.254997691277146348e-09 -1.509951083607090115e-07 7.056183935805116663e-05 -1.690586095934302202e-01
1.217812305053089885e-09 -1.540307130020157291e-07 -7.982712507243952668e-05 1.914106243921331885e-01
1.178897169139586517e-09 -1.467450730573702644e-07 1.399964405372185812e-04 2.366313261749063424e-01
1.145528744422283377e-09 -1.275395537457726820e-07 -7.424718288658834606e-06 -2.691070476863908212e-01
1.113893769866994744e-09 -1.217936887746780347e-07 5.919549493236792145e-05 -1.298144826875504698e-01
1.083992245473720411e-09 -1.234319782494108525e-07 -6.066394807812332425e-05 1.494942209630184538e-01
1.052894746397710670e-09 -1.169598804891781347e-07 1.142145802103066403e-04 1.920666221707402199e-01
1.026393689930403202e-09 -1.008628646272901189e-07 -2.698569537008699681e-06 -2.221761671526047421e-01
1.001449339281283287e-09 -9.578800452302173375e-08 4.894817166469520118e-05 -8.655885610765839955e-02
9.780616966517029086e-10 -9.586634575805364533e-08 -4.187036291198428833e-05 9.835007108353188698e-02
9.540010236946805899e-10 -9.034546077308182960e-08 8.936075564298904292e-05 1.781095795130571147e-01
9.336865872101168876e-10 -7.629338936872491848e-08 5.573830041648306232e-06 -2.414580736921692061e-01
9.147917981722196944e-10 -7.343118165582848009e-08 3.105197342570650745e-05 8.801732864823003100e-02
8.973166587823413031e-10 -6.732311463383242840e-08 1.349891466312690584e-05 -1.551022544300781347e-02
8.810812855688249732e-10 -6.154789394794751152e-08 3.348154476943237775e-05 3.178429248511652205e-03
8.665565300952709449e-10 -5.562874207601848577e-08 1.421259901557685528e-05 1.136072067836059463e-02
8.532947980810506186e-10 -4.962528256098898119e-08 2.915010671985967844e-05 -1.005985685568263344e-01
8.412960873248126320e-10 -4.838624582203241510e-08 -1.171888112317685452e-05 7.985579188390051764e-02
8.294692295084487620e-10 -4.312344697662016545e-08 5.360240448120023513e-05 7.460297415731062531e-02
8.200771285468773012e-10 -3.411381118026686167e-08 1.092902301322459273e-05 -1.064928388763259903e-01
8.119373062459474973e-10 -3.016732721142221926e-08 2.583839467922479036e-05 1.820026372428824868e-02
8.050497648070110226e-10 -2.585319024752003168e-08 7.711339072001109228e-06 -4.920423315508792861e-03
7.990081170559193553e-10 -2.138591697082519461e-08 3.074878734166165977e-05 6.040614148698930652e-02
7.946146677112667552e-10 -1.427833846272422660e-08 1.975315203100441578e-05 -9.220238712440882722e-02
7.914764908658590802e-10 -1.117813299840387257e-08 1.273201220337639575e-05 9.220210535122308482e-02
7.895935843183438304e-10 -5.600197981371165038e-10 9.393862313053520229e-05 6.136196189138851675e-01
1.000000000000000000e+00 0.000000000000000000e+00 1.747500000000000164e-01 1.747500000000000164e-01
0.000000000000000000e+00 0.000000000000000000e+00 0.000000000000000000e+00 0.000000000000000000e+00
