! Impact-T input file
!Npcol Nprow
1 1
!Dt Ntstep Nbunch
5e-13 1000000 1
!Dim Np Flagmap Flagerr Flagdiag Flagimg Zimage
6 100000 1 1 2 1 0.12
!Nx Ny Nz Flagbc Xrad Yrad Perdlen
32 32 32 1 0.015 0.015 45.0
!Flagdist Rstartflg Flagsbstp Nemission Temission
2 0 0 900 0.0
!sigx(m) sigpx muxpx xscale pxscale xmu1(m) xmu2
0.001 0.0 0.0 1.0 1.0 0.0 0.0
!sigy(m) sigpy muxpy yscale pyscale ymu1(m) ymu2
0.001 0.0 0.0 1.0 1.0 0.0 0.0
!sigz(m) sigpz muxpz zscale pzscale zmu1(m) zmu2
0.0001 0.0 0.0 1.0 1.0 0.0 19.569511835591836
!Bcurr Bkenergy Bmass Bcharge Bfreq Tini
0 1.0 510998.95 -1.0 1000000000.0 0.0
!=================== LATTICE ===================
0 0 0 -4 0.0 0.0 0.5 1e-12 /!name:change_timestep_1
0 0 0 -5 0.0 0.0 -1000.0 /!name:2d_to_3d_spacecharge
0.17475 0 0 105 0.0 20000000.0 185714285.7142857 179.8855123473587 4 0.15 0.0 0.0 0.0 0.0 0.0 0 /!name:RFGUNB
0.48 0 0 105 0.00653 0 0 0.0 2 0.15 0.0 0.0 0.0 0.0 0.0 0.0559 /!name:SOL1B
0.3 0 0 105 0.659116 1800000.0 1300000000.0 216.77291486580867 1 0.15 0.0 0.0 0.0 0.0 0.0 0 /!name:BUN1B
0.48 0 0 105 1.40581 0 0 0.0 2 0.15 0.0 0.0 0.0 0.0 0.0 0.0299 /!name:SOL2B
0.0906 0 0 1 1.5250140000000003 -0.0 0.0453 0.042799 0.0 0.0 0.0 0.0 0.0 /!name:CQ02B
1.3 0 0 105 2.692827 11000000.0 1300000000.0 279.7705160377488 3 0.15 0.0 0.0 0.0 0.0 0.0 0 /!name:CAVL011
1.3 0 0 105 4.076427 1.0 1300000000.0 11.708820000000342 3 0.15 0.0 0.0 0.0 0.0 0.0 0 /!name:CAVL012
1.3 0 0 105 5.460027 26000000.0 1300000000.0 238.6872604219495 3 0.15 0.0 0.0 0.0 0.0 0.0 0 /!name:CAVL013
1.3 0 0 105 6.843627 23500000.0 1300000000.0 283.7857214324265 3 0.15 0.0 0.0 0.0 0.0 0.0 0 /!name:CAVL014
1.3 0 0 105 8.227227 32000000.0 1300000000.0 257.588425057088 3 0.15 0.0 0.0 0.0 0.0 0.0 0 /!name:CAVL015
1.3 0 0 105 9.610827 32000000.0 1300000000.0 249.54668060313878 3 0.15 0.0 0.0 0.0 0.0 0.0 0 /!name:CAVL016
1.3 0 0 105 10.994427 32000000.0 1300000000.0 257.57817503896865 3 0.15 0.0 0.0 0.0 0.0 0.0 0 /!name:CAVL017
1.3 0 0 105 12.378027 32000000.0 1300000000.0 257.67165548598575 3 0.15 0.0 0.0 0.0 0.0 0.0 0 /!name:CAVL018
0.46 0 0 1 13.873857 -0.0 0.23 0.0381 0.0 0.0 0.0 0.0 0.0 /!name:QCM01
0.2488 0 0 1 18.520642 1.93572048835677 0.1244 0.0269 0.0 0.0 0.0 0.0 0.0 /!name:Q0H01
0.2488 0 0 1 19.07294 -1.97845388333128 0.1244 0.0269 0.0 0.0 0.0 0.0 0.0 /!name:Q0H02
0.2488 0 0 1 23.376554999999996 -0.538236940652138 0.1244 0.0269 0.0 0.0 0.0 0.0 0.0 /!name:Q0H03
0.2488 0 0 1 23.910766999999996 2.42899740080635 0.1244 0.0269 0.0 0.0 0.0 0.0 0.0 /!name:Q0H04
0.2488 0 0 1 25.133066999999997 1.1618310402575 0.1244 0.0269 0.0 0.0 0.0 0.0 0.0 /!name:Q0H05
0.2488 0 0 1 25.667278999999997 -0.998701917883485 0.1244 0.0269 0.0 0.0 0.0 0.0 0.0 /!name:Q0H06
0.2488 0 0 1 27.157754999999998 -2.6583724390554 0.1244 0.0269 0.0 0.0 0.0 0.0 0.0 /!name:Q0H07
0.2488 0 0 1 27.691966999999998 2.77685115554976 0.1244 0.0269 0.0 0.0 0.0 0.0 0.0 /!name:Q0H08
0 0 0 -99 28.247267000000022 0.0 28.247267000000022 /!name:stop_1
