1.000000000000000000e+00
0.000000000000000000e+00
4.799999999999999822e-01
4.799999999999999822e-01
0.000000000000000000e+00
4.810000000000000000e+02
0.000000000000000000e+00
4.799999999999999822e-01
4.799999999999999822e-01
5.373547082374404704e-01
4.055170689110887960e-01
2.528396232760063097e-15
2.043793229422509738e-01
3.235949922259945356e-15
8.818844159975693098e-02
1.347716938099122400e-15
2.990023318046325027e-02
-1.354733954248801587e-15
8.103155473124091027e-03
-3.129813441494812965e-15
-3.458309710775776032e-04
-2.439410703412784844e-15
-1.505921795430715995e-03
-1.239693863497548466e-16
-1.684861659578309459e-03
2.186215105276272054e-15
-7.495150270536256928e-04
2.706668517546486914e-15
-5.232277918773489819e-04
1.060817922152418151e-15
-3.062494222222906197e-05
-1.354123580983521158e-15
-8.148403559909892619e-05
-2.516011433166012951e-15
1.042953203240059304e-04
-1.514296703981031500e-15
-2.275799685155324058e-05
7.761303603384846206e-16
7.363736244359602335e-05
2.439653384969618101e-15
-3.233044852852176842e-05
2.105392399354458991e-15
4.170486130315432621e-05
4.611644411546436499e-17
-3.429760964435423247e-05
-2.217896612427975645e-15
2.873147696641907865e-05
-2.856221885558457661e-15
-2.799243427158359064e-05
-1.347972732123025848e-15
2.294159108261131926e-05
1.241284353144475627e-15
-2.193077378517348700e-05
2.928732511585076465e-15
1.975182952508361717e-05
2.352430087816767719e-15
-1.638982961156035563e-05
-4.437788252144531185e-17
1.718619205309066615e-05
-2.422260331021359493e-15
-1.318939340545720466e-05
-2.917056585923649562e-15
1.454124216681591938e-05
-1.174835544874661825e-15
-1.088681245104710610e-05
1.454469919883513013e-15
1.177258546711599403e-05
2.922302049207758630e-15
-9.749861811202162294e-06
2.163480648327738027e-15
9.910609836207325002e-06
-1.941863795041070141e-16
-8.175760412505239590e-06
-2.421879377953331872e-15
7.917973460729879092e-06
-2.662635417139243505e-15
-7.643146474001309891e-06
-8.579566017794470166e-16
7.276685623129423435e-06
1.500880655008589044e-15
-5.785874151639647826e-06
2.541645548590794465e-15
6.877059270821356452e-06
1.453810981190108370e-15
-5.400843264867956621e-06
-8.779925838115962538e-16
5.885191109784481932e-06
-2.531220267075988536e-15
-4.918884367512434786e-06
-2.221395732002862762e-15
5.318222853813508189e-06
-8.318339998070059874e-18
-4.527316248289385748e-06
2.298248195977547906e-15
5.010149021319997562e-06
2.918995444339914655e-15
-4.101357934410391172e-06
1.267124443159227745e-15
4.387000089137438184e-06
-1.453570953228680183e-15
-4.176559938618507804e-06
-3.191882037253582867e-15
3.954108599374059419e-06
-2.487245175190742246e-15
-3.748288184545402065e-06
2.577028920594244370e-17
3.798807235148776297e-06
2.550236580258321206e-15
-3.530893813656469429e-06
2.958132919305154823e-15
3.536349708522983372e-06
1.122136543028288275e-15
-3.243918612076386431e-06
-1.619900060223928564e-15
3.318849735679867171e-06
-3.148352008242559508e-15
-3.048543577351792382e-06
-2.403124480314345560e-15
3.065104073816119152e-06
2.804422326822949771e-16
-2.868936010375242946e-06
2.603443219537896099e-15
2.818422630262155128e-06
2.981245960276442120e-15
-2.722793278224504359e-06
1.056363375882807785e-15
2.607191559315353522e-06
-1.672684559458415595e-15
-2.551701253778514181e-06
-2.907887507209180964e-15
2.441226231102957268e-06
-1.985354384080486971e-15
-2.377305624464709544e-06
4.846693936827136708e-16
2.316211390178834039e-06
2.540634879466042474e-15
-2.181775703749873685e-06
2.364117448422982555e-15
2.224183995072843022e-06
4.675973387516848406e-16
-2.020676437638498470e-06
-1.912184713481345118e-15
2.081760766527797559e-06
-3.017323846357081348e-15
-1.972175932624011590e-06
-1.640153941481758970e-15
1.832743461179229677e-06
8.509429572179445962e-16
-2.030542820490237453e-06
2.735334084480152764e-15
1.578869497936100822e-06
2.176584142142643646e-15
-1.990584242268951023e-06
8.875211221330558953e-17
1.567360606602032322e-06
-2.137474936902018091e-15
-1.671934699750216673e-06
-2.586186934940839458e-15
1.780108334517800414e-06
-1.074166208489080263e-15
-1.353542160213456838e-06
1.423976204386766167e-15
1.751308041491837427e-06
2.667766054519440412e-15
-1.424391703196883857e-06
1.814417206093938383e-15
1.489324068624222133e-06
-6.539690452239828831e-16
-1.445701521879930536e-06
-2.663399493797226087e-15
1.422778198635183933e-06
-2.860429098207469770e-15
-1.309294417510500274e-06
-8.255218044049485344e-16
1.501970537476749885e-06
1.770286260146397301e-15
-1.167004714309276672e-06
2.791112474606269322e-15
1.389341780193629532e-06
1.741153091321177675e-15
-1.271943215463210776e-06
-8.203942904587446273e-16
1.172865771188048360e-06
-2.527380719665643996e-15
-1.324848433376379555e-06
-2.459387690923646799e-15
1.104695231064801565e-06
-4.561038428112728325e-16
-1.238071899015441491e-06
1.924194370123990215e-15
1.126863663520108054e-06
2.721152000086037200e-15
-1.133199335315809914e-06
1.335746393864561260e-15
1.126275748750787166e-06
-1.208780601994114724e-15
-1.074959177019184573e-06
-2.796054488337024538e-15
1.087763059966714176e-06
-2.198839297557039947e-15
-1.045539149196524787e-06
-3.247005512092794241e-17
1.039316504694827151e-06
2.081307758653111809e-15
-1.018899803502874274e-06
2.369509766044321838e-15
9.993122682566780231e-07
7.008754005023210866e-16
-9.861794556878952447e-07
-1.713606626964402167e-15
9.658200699181066225e-07
-2.876841949747297941e-15
-9.525225393973527980e-07
-1.750662730220001705e-15
9.367776508360406831e-07
7.752525165677739451e-16
-9.172182708914596944e-07
2.955758844772678629e-15
9.095971528079771954e-07
2.812684180311349810e-15
-8.860769280902078748e-07
5.486665444960387057e-16
8.818580779833551138e-07
-2.337124943613711359e-15
-8.569161911226250390e-07
-3.468516698019292153e-15
8.521364534204548235e-07
-2.064891730739731434e-15
-8.327827240970800389e-07
6.592528367489552087e-16
8.253310648208353707e-07
2.762809503948477317e-15
-8.059816261876392287e-07
2.676722369145470570e-15
7.960121113286582863e-07
7.148558910549901273e-16
-7.861762983722114571e-07
-2.040594802405978642e-15
7.757569457463287122e-07
-3.023249159460480399e-15
-7.548250864675690743e-07
-1.739140011642909423e-15
7.583869279082163869e-07
7.443161204769683202e-16
-7.361332755978343021e-07
2.534722907131562678e-15
7.349640271994623969e-07
2.231419572840229355e-15
-7.168818603689047870e-07
1.945249279852127172e-16
7.158771133108880758e-07
-1.934742259657911204e-15
-6.990176660513159284e-07
-2.599979066541862824e-15
7.004719295537660347e-07
-1.034187312169861355e-15
-6.807859231575301064e-07
1.248147940525416028e-15
6.801491841811003726e-07
2.357576977641640068e-15
-6.714660374382769631e-07
1.498735014674075494e-15
6.624795560644498546e-07
-8.705070889589139847e-16
-6.537043680158071699e-07
-2.975284648272784761e-15
6.502625107949606440e-07
-2.912133259857293145e-15
-6.401286813702234718e-07
-5.766055027447481753e-16
6.361200903052856727e-07
2.087787984216080833e-15
-6.250762184538995206e-07
2.949946292930382807e-15
6.231194038863362178e-07
2.073042517032922753e-15
-6.122806820400691713e-07
-7.784768533606158461e-16
6.091564806259990904e-07
-2.891707166213374099e-15
-6.000460134524554794e-07
-2.917740406209879799e-15
5.951717677989779152e-07
-6.769168618309963879e-16
-5.889551023822819252e-07
1.752870733355256852e-15
5.820479336284932789e-07
2.832503163090324336e-15
-5.771448096909428468e-07
1.486324076172668672e-15
5.703151581243192367e-07
-9.754120135972406749e-16
-5.651359495135728702e-07
-2.752436314959927528e-15
5.600877880199667942e-07
-2.299354262187984412e-15
-5.520904048335740161e-07
2.441508942989476655e-17
5.513060295334025603e-07
1.943132438637820269e-15
-5.401489677570116498e-07
2.328084455088547805e-15
5.404495634963375390e-07
8.756497436190500624e-16
-5.331742531562733683e-07
-1.541985363993827324e-15
5.242917904942481450e-07
-2.678809775964860387e-15
-5.318687268623946258e-07
-1.655508637112229706e-15
5.069584831839155599e-07
8.479603424524253912e-16
-5.263785050873268824e-07
2.809741376094351557e-15
5.017849955577167720e-07
2.881633191613441891e-15
-5.055800917997772611e-07
2.815911269961270287e-16
5.100750329838360243e-07
-2.589981430786301910e-15
-4.832129546194730650e-07
-3.272312950732621413e-15
5.055577598200171017e-07
-2.094517025707305809e-15
-4.837108254641645358e-07
5.904567148938425283e-16
4.862467016837257366e-07
2.806503804411708807e-15
-4.819003638685198840e-07
3.009748936588904546e-15
4.789328024622816389e-07
5.124260280895266521e-16
-4.696270844212372279e-07
-2.183228586218261599e-15
4.821181320146492548e-07
-3.054098417036837237e-15
-4.563492460835599570e-07
-1.951211227130494972e-15
4.717733751311823309e-07
7.676070913067382234e-16
-4.616770283479148203e-07
2.599791025227572369e-15
4.526894960162323117e-07
2.412769856242967092e-15
-4.639743664593145744e-07
-1.856122355559661555e-16
4.447357281033028268e-07
-2.028271425935494233e-15
-4.550912121130471181e-07
-2.897065814275060023e-15
4.445580323562027253e-07
-1.245953384038198542e-15
-4.442482356960363815e-07
1.001967872922202279e-15
4.428323063937750849e-07
2.505419696442181751e-15
-4.372858542650122193e-07
1.913801805256771984e-15
4.377959549006518303e-07
-4.929963628289338838e-16
-4.330129894817430280e-07
-2.608386292059835382e-15
4.317624018280187755e-07
-2.443891964307458222e-15
-4.291007577776434167e-07
-6.705024930796763850e-16
4.265142168492387992e-07
1.824630623492812329e-15
-4.246134455883185835e-07
3.024379842565946483e-15
4.219323631504204675e-07
1.815389388159149506e-15
-4.200272578980507332e-07
-7.173984722044107233e-16
4.178519455088992086e-07
-2.927006523136368218e-15
-4.152262072467696539e-07
-2.779308117574214986e-15
4.140095887150723349e-07
-6.187731321996721955e-16
-4.108785007153606124e-07
1.638313338887375376e-15
4.101138280136805618e-07
2.580063204369546087e-15
-4.067502893486071583e-07
9.849301757650964512e-16
4.059540543075023354e-07
-1.195787222462352164e-15
-4.032607097607998087e-07
-3.036418404207916633e-15
4.021469438193951219e-07
-2.212353443532686292e-15
-3.994090480364562339e-07
-2.194278554531667574e-16
3.979556338791424167e-07
2.072800053851771209e-15
-3.965296926637338120e-07
2.548096233879727996e-15
3.950254194456461257e-07
9.417260426805291844e-16
-3.919433285888569375e-07
-1.581591406997576730e-15
3.925542507927703385e-07
-2.764525433880936920e-15
-3.892114195024264218e-07
-1.966194022357561867e-15
3.891566187596808606e-07
5.780433941122715535e-16
-3.864027332462346815e-07
2.268423160053099127e-15
3.864287912418540140e-07
2.186416182957016344e-15
-3.838233184756092355e-07
3.274038568604415236e-16
3.843294292085922338e-07
-1.782806836474914352e-15
-3.811789703071488624e-07
-3.276187755889395413e-15
3.813757514650551645e-07
-1.745447601303316181e-15
-3.801517719205680511e-07
8.136210444355848181e-16
3.788663375984896089e-07
2.701351916729698285e-15
-3.776138073539456313e-07
2.508443551124320400e-15
3.773915451954136898e-07
4.000587431858895759e-16
-3.758719385781774164e-07
-2.156207176409665350e-15
3.755716049782809828e-07
-3.507882871880290982e-15
-3.738422975554943038e-07
-1.853360922272494129e-15
3.739970246847534434e-07
9.962953991535586362e-16
-3.722808848162690543e-07
2.890440322561636886e-15
3.722237327624335388e-07
2.270413528660469122e-15
-3.708545249377394970e-07
-2.264569054263973653e-16
3.704299480168883404e-07
-2.762672919885732561e-15
-3.697043832452728417e-07
-3.290625697173140980e-15
3.688128780703993329e-07
-1.330672269463813976e-15
-3.683995920823005193e-07
9.347524468955641314e-16
3.675167065582639707e-07
2.982218724676804480e-15
-3.670402972190370045e-07
2.381846615632623510e-15
3.666018548398340829e-07
8.712448546559724803e-17
-3.653865986850699897e-07
-2.082656182165581451e-15
3.660903222225099648e-07
-2.897691427515946129e-15
-3.639810545523913910e-07
-1.182306613697461169e-15
3.650300756661866892e-07
1.230220408787439956e-15
-3.639598868615860268e-07
2.513978739381059842e-15
3.623869024945337702e-07
1.406886970568775835e-15
-3.657074686629595958e-07
-5.448007787689986849e-16
3.592086343517552796e-07
-2.772476611566151842e-15
-3.663510288006908400e-07
-2.683625780309821724e-15
3.596999412828075946e-07
-4.192448467694773304e-16
-3.620721263262693572e-07
1.671187574307931429e-15
3.647937724324815208e-07
2.400960324369000624e-15
-3.568961346368954862e-07
1.092862482183693716e-15
3.658937088569994613e-07
-1.270823720590017993e-15
-3.594653994927557670e-07
-2.882886754053263953e-15
3.616836420213592292e-07
-2.129263384266667402e-15
-3.614254482245308908e-07
2.542318717554552292e-16
