5.900000000000000000e+01
0.000000000000000000e+00
2.999999999999999889e-01
2.999999999999999889e-01
1.940213668980700357e-17
1.165364869491411492e-16
-7.942875794554526969e-01
1.585001932220136966e-16
-4.166282412720109796e-01
4.053899685559081423e-18
3.212437441730413290e-02
-7.474218726571946192e-18
-1.301589578686488183e-03
3.628350332858520932e-17
-4.144587411859291387e-02
3.502650643485982762e-17
1.428137083562550438e-02
5.657502461300922825e-17
1.996477509081111615e-02
2.722279189180595860e-16
1.134118876982457723e-03
1.034498279140622090e-16
1.207279980901662534e-03
-3.993946693552422045e-16
4.480746699594993776e-03
-2.423462906048223786e-16
7.746349986054138111e-04
1.241208199588561545e-16
-3.067064969738224605e-04
-6.842501554509688999e-17
6.841240815098021202e-05
-7.562310153086393427e-17
2.873086731318835198e-04
-1.641211038599932337e-17
-3.302532321026930466e-04
-2.187344001671615024e-16
5.064511080109577014e-05
-2.213652845013333592e-16
-1.167780093164002165e-04
2.716129729983529639e-16
9.693754553799782952e-05
4.876910778429249804e-16
-1.391568756487515678e-04
1.360334913290406345e-17
1.112864835323377501e-04
-2.917791334065833464e-16
-1.039784031852813170e-04
-1.365400170314987061e-16
9.790641201691073611e-05
-1.223268041765715464e-16
-9.709208989291748932e-05
-1.666655908335451519e-16
9.371728488576253362e-05
-4.202452323848540616e-16
-8.992580289900447416e-05
-4.827257707061202718e-16
8.557443848067287700e-05
1.285626607342577055e-17
-8.340221890387523624e-05
3.311729417174863466e-16
7.981987899553647566e-05
1.367619396636793327e-16
-7.807350188843673077e-05
1.000000000000000000e+00
0.000000000000000000e+00
2.999999999999999889e-01
2.999999999999999889e-01
0.000000000000000000e+00
