5.900000000000000000e+01
0.000000000000000000e+00
1.299999999999869704e+00
1.299999999999869704e+00
1.711032335388275871e-01
-1.407115394773134076e-01
2.387949790877959798e-03
5.568370740004975616e-02
-3.323160769243215049e-03
7.009179282972699543e-02
2.406248708468371363e-03
-2.346875729627700136e-01
-5.077710838924861256e-04
5.872764942307077130e-01
-1.698356712686962871e-03
6.670138695912221083e-01
2.032819576303005263e-03
-3.864247901454675310e-02
-1.114459442678289794e-03
-3.337464833631133276e-02
3.579967014886181894e-04
3.612586118339439212e-02
2.753572265713785205e-04
-2.073589817971552632e-02
-5.122112053631686828e-04
5.726138944120076797e-03
4.913377034840917283e-04
1.824098810824953312e-03
-3.878262296756820882e-04
-1.400021160695194122e-03
2.494391118609820199e-04
-4.087232510108522801e-03
-5.358478176131165819e-05
1.094128071973878881e-02
-1.644111275819810805e-04
-1.711981574439323112e-02
3.210986471195328941e-04
-4.886315406069500350e-02
-2.681892061574370450e-04
-9.149262554767889633e-03
1.003904065235258129e-04
6.950572934154732214e-03
5.336577570892606310e-05
-3.534624110639802974e-03
-1.421688081889070177e-04
8.188337142505077359e-04
1.322400879077349322e-04
5.633990358444665187e-04
-6.947035234823825700e-05
-7.186166581786389155e-04
8.751265142447846163e-06
1.616117669169201418e-04
2.621205221838877143e-05
5.053221961311229506e-04
-4.048721603728065558e-05
-8.042858038783920905e-04
4.264431537970683387e-05
3.473123882735450543e-04
-3.463165282183330829e-05
4.602641740503492056e-03
9.526101083051957802e-06
2.389295739821270265e-03
1.222950427257561713e-05
1.000000000000000000e+00
0.000000000000000000e+00
1.299999999999869704e+00
1.299999999999869704e+00
0.000000000000000000e+00
