1.399000000000000000e+03
-1.747500000000000164e-01
1.747500000000000164e-01
3.495000000000000329e-01
4.408994049648972680e-01
3.953785008893722641e-01
-4.460895131983810552e-17
2.795679619877748379e-01
2.542393778922108610e-17
1.423703137306973066e-01
2.361812734459774237e-17
3.181461218516448003e-02
-1.492665062631197325e-17
-2.782743840802056473e-02
6.045251211692802760e-18
-4.009958543608689585e-02
3.721859780658601812e-17
-2.504608929100847828e-02
1.016035548147781830e-17
-4.124821352586056575e-03
4.537929856385995590e-17
9.461584789749918553e-03
7.227453391764820054e-17
1.255763373787624655e-02
1.087129752950496594e-16
8.561109355292534015e-03
1.028042139514479282e-16
2.638820491071155582e-03
1.021275825014583192e-16
-1.566080998173893010e-03
7.212896893224873673e-17
-2.932750283991687398e-03
1.892273718003541417e-17
-2.198487958122281871e-03
-3.257040871018618896e-17
-7.335571642417186653e-04
-4.414291436824239563e-17
4.035871261695615168e-04
-2.021284678909863576e-17
8.179352782996816883e-04
-4.094529832177758031e-18
6.498584198781279372e-04
6.598593239947919562e-17
2.537168188383649194e-04
1.191899283866848672e-16
-7.345139017850561944e-05
1.454474582228698714e-16
-2.076689304310895057e-04
1.728159621957894028e-16
-1.761538683224869576e-04
1.686778822782865980e-16
-7.303854527736648684e-05
1.159363283125139007e-16
1.751775543711752269e-05
3.554093151996400894e-17
5.727313268695633061e-05
-3.975151152036404028e-17
5.076883739019896329e-05
-7.129072506287505308e-18
2.295563159546767443e-05
-5.979561313296821636e-17
-2.565317512814895484e-06
3.185596704726661926e-17
-1.441915523676004836e-05
7.866757777434436010e-17
-1.326640233846234738e-05
1.714451214560522888e-16
-5.825070018770964108e-06
2.344586398636832736e-16
1.265423171799931218e-06
2.468570381031656345e-16
4.664654018053795334e-06
2.495682237032487057e-16
4.423821757607370842e-06
1.582532647158939505e-16
2.368561358431713083e-06
5.785803556766986762e-17
3.658285918158934866e-07
-2.420070782287044514e-17
-6.184603924241886866e-07
-6.899486626753751129e-17
-5.761475379829466296e-07
-8.355587402141947602e-17
-1.330279177813604299e-08
1.981508589043630074e-17
5.411334198856689690e-07
1.196893663081223535e-16
8.091065088526607489e-07
2.315216148791167972e-16
7.851841474528204277e-07
3.224552866817734302e-16
6.125540105495907669e-07
3.236717130346291586e-16
4.424940468989732191e-07
2.878525817295488028e-16
3.548711948468456909e-07
1.773085857907500044e-16
3.510704615278032340e-07
4.224468070255534253e-17
3.894695659241777598e-07
-5.063200413322542840e-17
4.261684672748998925e-07
-6.987121492507691744e-17
4.381833243082881341e-07
-2.473198165108665536e-17
4.255161630333700466e-07
1.184361345914064690e-17
4.006934264365178042e-07
1.664419821963144476e-16
3.767320750438786581e-07
2.616076160498518976e-16
3.602966582043114577e-07
3.913232522650298145e-16
3.511589888956326380e-07
3.722781793517758256e-16
3.453968466158298545e-07
2.925292616060544674e-16
3.390479184475761004e-07
1.731540027279146926e-16
3.301645884182457117e-07
3.120856873194619551e-17
3.189433476917712661e-07
-6.471817709658776425e-17
3.067069784951961812e-07
-8.119128940615392511e-17
2.947589008031592417e-07
-3.748406671340762649e-17
2.837358355222312326e-07
6.403266277123136144e-17
2.735694421703550229e-07
1.577234142297166493e-16
2.638083071963077512e-07
3.094078996778582622e-16
2.539917949190907376e-07
3.813161976776969793e-16
2.438708177177319633e-07
3.664958268906094880e-16
2.334439060013982253e-07
3.098097525489002002e-16
2.228697341741712005e-07
2.156850052306833132e-16
2.123515061552351485e-07
1.175016729436103152e-16
2.020465433529354342e-07
-1.598717081395687245e-17
1.920258888714486380e-07
-3.714103376462760423e-17
1.822724627546137524e-07
1.461766302978889770e-17
1.727097994482127265e-07
7.444503112422546094e-17
1.632417994518514585e-07
2.160932789894601855e-16
1.537953067130140510e-07
3.048320214777130782e-16
1.443469881351572869e-07
4.000839738576074406e-16
1.349305532534636763e-07
3.808672181552760104e-16
1.256173663179320532e-07
2.903864078504492653e-16
1.164842577114160690e-07
1.943784717453128638e-16
1.075792743907818412e-07
1.040604951196594199e-16
9.890627776773213256e-08
-5.220061943446069479e-17
9.042998869187951943e-08
-5.535743278378857042e-17
8.210100422412054013e-08
-6.083080950226803123e-18
7.388201533519945932e-08
6.166086825092802736e-17
6.576643226262734324e-08
1.409159448440772004e-16
5.777753826584632100e-08
3.234290663174223463e-16
4.995512945080766781e-08
3.868122390716519790e-16
4.233387122851452283e-08
3.320360523521618836e-16
3.492895981900296420e-08
1.709639675780059898e-16
2.773171082368502005e-08
1.853142535144635094e-16
2.071987871859545589e-08
7.695750803158639711e-17
1.387174892858617358e-08
-1.644459930428137781e-18
7.179405825904735452e-09
-8.455790456537288848e-17
6.506459653007446086e-10
2.094067404916493797e-17
-5.696284187148884568e-09
1.057765225817841807e-16
-1.184431228638845219e-08
1.794282220969140801e-16
-1.778506826813259265e-08
2.325413237597672678e-16
-2.352242382824304959e-08
3.075896576544560043e-16
-2.906789204498934893e-08
2.862286841178287406e-16
-3.443450250899115435e-08
1.557180622142863863e-16
-3.962915091715713591e-08
1.230092396389273342e-16
-4.465020459791557946e-08
4.812845028068942492e-17
-4.948790556938596200e-08
-9.497903143345667272e-17
-5.413031490433189038e-08
1.091888701460211263e-17
-5.856907509455217096e-08
2.674124272751615862e-17
-6.280512754183577602e-08
6.757151331442617909e-17
-6.684803462599487723e-08
1.992156598517732117e-16
-7.071136840098443294e-08
1.997097601107150886e-16
-7.440419052726854350e-08
2.210906648897055238e-16
-7.792685508617558061e-08
1.908149826482756798e-16
-8.127137561146259999e-08
1.527793696198799818e-16
-8.442786705730638527e-08
1.411875149322378455e-16
-8.739027732614600232e-08
7.285265959605171112e-17
-9.016057625999257397e-08
4.400598659739323528e-17
-9.274766790002833203e-08
1.244764918463829799e-16
-9.516432099957794344e-08
3.008271141943161193e-17
-9.742175788978757294e-08
1.327583086701357422e-16
-9.952635104836051565e-08
1.051259018245594007e-16
-1.014776598644372882e-07
1.285692650975133604e-16
-1.032701344542068139e-07
1.309212086699806070e-16
-1.048957939206990903e-07
1.474023429385796806e-16
-1.063486303794668191e-07
1.192904952016421129e-16
-1.076274789181668155e-07
6.284547797076078312e-17
-1.087377087115967500e-07
2.219618898292373423e-17
-1.096892776273724185e-07
-2.940720346668165773e-17
-1.104933630592756721e-07
1.034747539863082541e-16
-1.111581716506145765e-07
8.012952808793312074e-17
-1.116875602358341617e-07
3.373500107358784404e-17
-1.120815841863456573e-07
5.563957832824994311e-17
-1.123387915257018076e-07
3.797723587733642116e-17
-1.124573789931186356e-07
2.372473186277659526e-16
-1.124360268096308742e-07
7.830049900103248253e-17
-1.122741853580544185e-07
4.889381436751493172e-17
-1.119733135758415088e-07
8.949264447821662457e-17
-1.115374938928892495e-07
1.125154557598597229e-16
-1.109734277413169465e-07
1.430402637594010575e-16
-1.102890927825985342e-07
8.347958094362844261e-17
-1.094924867415541327e-07
1.270676123049410982e-16
-1.085900934622819173e-07
5.371426792026407314e-17
-1.075859235695416780e-07
4.814451274255278731e-17
-1.064811108582149214e-07
-2.940000228723666448e-17
-1.052749828432726195e-07
-3.087888898768974296e-17
-1.039665486492369455e-07
-3.222147153401439182e-18
-1.025558711006293576e-07
6.444754489978782188e-17
-1.010444015490427596e-07
1.136791492140630181e-16
-9.943489084138038010e-08
1.172718634976292858e-16
-9.773106117030445731e-08
1.203857187967502407e-16
-9.593767117923658502e-08
1.213825114407643938e-16
-9.406049501883407420e-08
1.372886086234901177e-16
-9.210602248234569587e-08
2.837947073028799675e-17
-9.008035448855851598e-08
-2.562296556018773650e-17
-8.798771005571508799e-08
-1.472568035343880042e-16
-8.582919662839257113e-08
-1.889744525838847363e-16
-8.360326124783976719e-08
-1.047548714160030564e-16
-8.130809241118007942e-08
-3.518443767590011985e-17
-7.894475446267751083e-08
-1.871503404294353363e-17
-7.651846339013443801e-08
9.921535693305005365e-17
-7.403700410792096191e-08
1.302601515981637535e-16
-7.150761641360789957e-08
1.361661813685224059e-16
-6.893510983925326714e-08
1.613234246617950178e-16
-6.632210018568711394e-08
-6.673291772280654603e-17
-6.367029353820484500e-08
-1.365864832922541747e-16
-6.098114428298750200e-08
-2.084091408466411952e-16
-5.825600881033200051e-08
-1.478750350672286792e-16
-5.549638031914079715e-08
-1.490966580042478850e-16
-5.270442475004017340e-08
-2.827465106525336334e-17
-4.988307661076435807e-08
9.228022768263142028e-17
-4.703585485033591739e-08
8.333817660710701234e-17
-4.416659722520904221e-08
2.476739389170812033e-16
-4.127944463916558722e-08
7.910654322157580211e-17
-3.837852991168649682e-08
6.441282321105624938e-17
-3.546773574957102876e-08
-7.998213118180137813e-17
-3.255059268758571206e-08
-1.670433560032070951e-16
-2.963054931740406475e-08
-2.246633919082238797e-16
-2.671060063136214115e-08
-5.063649731099291084e-16
-2.379258403621168729e-08
-2.965537543305024974e-16
-2.087677947867349027e-08
-1.477682977361699607e-16
-1.796309565832730829e-08
-3.849985148740738655e-17
-1.505264732405962437e-08
8.738406447171270500e-18
-1.214868186719893166e-08
7.893497973442256679e-17
-9.255782055850800151e-09
8.743969416544986375e-17
-6.378704230614573617e-09
3.118113037803397449e-17
-3.521256646504126763e-09
-6.076448654754234042e-17
-6.861190358076455502e-10
-2.325623592830259631e-16
2.125182237233843870e-09
-2.500980372621840945e-16
4.911496468940614113e-09
-3.617135183874845148e-16
7.671159816947836543e-09
-2.260175339445464338e-16
1.040092494261553867e-08
-3.228095706074261432e-16
1.309655756536047447e-08
-5.459631388486825206e-17
1.575450085130316184e-08
1.499850425877271286e-16
1.837388180530961113e-08
1.190056965644506271e-16
2.095602900680458475e-08
8.846414787198639049e-17
2.350209267390866782e-08
-1.933900529614030740e-17
2.600993560551477538e-08
-1.824765760596189066e-16
2.847378724172412406e-08
-2.478754198257897652e-16
3.088641375925950094e-08
-3.405257632782065570e-16
3.324303636624484401e-08
-4.146406274717899930e-16
3.554332741271824389e-08
-3.337193656522634698e-16
3.779075523358093761e-08
-2.824710860764336743e-16
3.998849235852574503e-08
-1.763376013190391686e-16
4.213542166174615596e-08
1.724808541537464447e-17
4.422456112997839323e-08
8.580047387172549987e-17
4.624649884032680469e-08
2.981867111374095145e-17
4.819459336507230048e-08
-8.767097259267026401e-17
5.006898865634150446e-08
-1.121677403214731883e-16
5.187572274268743312e-08
-2.959999030644577313e-16
5.362268942663080856e-08
-4.051096799307343129e-16
5.531411947181376594e-08
-3.258368627716259199e-16
5.694783722408591375e-08
-1.294527438918224363e-16
5.851574673346827981e-08
-1.768565563261591287e-16
6.000801269540672510e-08
1.097388867899284266e-16
6.141727077360673157e-08
4.568634800172959426e-17
6.274163530274484151e-08
1.408891150759538149e-16
6.398432639615718082e-08
-2.383527133945401208e-18
6.515153837077107519e-08
-4.948862552660950723e-17
6.624855804769868633e-08
-2.223373031450469990e-16
6.727697603325849040e-08
-3.182873731325016932e-16
6.823340768769216016e-08
-4.727025373197302023e-16
6.911143002699102318e-08
-3.007277034438779670e-16
6.990451380621707308e-08
-3.303987793707426927e-16
7.060927015409723048e-08
-1.539470713986513482e-16
7.122632229626976666e-08
-9.457491371718199768e-17
7.175931952371720888e-08
1.961498456445497191e-16
7.221166555920559390e-08
-6.207422837597209733e-17
7.258403143281945297e-08
-5.645799911473097331e-17
7.287350353375490499e-08
-1.154294716087376577e-16
7.307571025473882489e-08
-1.895814304565525142e-16
7.318738904457735919e-08
-2.980635908005401883e-16
7.320869544861185890e-08
-2.916914799289962988e-16
7.314326976226491236e-08
-1.399148378311773728e-16
7.299681697527628585e-08
-1.844591954250929984e-16
7.277371247646596020e-08
-1.738850424108568507e-16
7.247430646749797378e-08
1.367438805468124478e-18
7.209422247020876270e-08
-1.262163193930488219e-16
7.162721209682683578e-08
-1.207377794988513308e-16
7.106873910409919001e-08
-6.878401681880524085e-18
7.041834933072922654e-08
-1.788362529765065954e-16
6.967889709159917031e-08
-1.210723916282625773e-16
6.885459505985012060e-08
-6.437803623619316066e-16
6.794897101502205904e-08
-2.622697084087065998e-16
6.696442810799883894e-08
-1.784803679179877138e-16
6.590240839199745234e-08
-1.620645396148179906e-16
6.476404130504235905e-08
-3.050285862717662567e-16
6.355003403755111547e-08
-7.799950797245670966e-17
6.226047372049057745e-08
-1.438189551852503795e-16
6.089442936703230352e-08
-1.370993402695724276e-16
5.945045114680684496e-08
-5.686544413108048018e-17
5.792747254639284146e-08
-2.566241011435626643e-16
5.632596495452030266e-08
-2.766815555470714952e-16
5.464791166065011898e-08
-1.441617700227118591e-16
5.289581646243364745e-08
-1.117104850588053959e-16
5.107125480309651060e-08
-3.344140852561145879e-16
4.917476434934216189e-08
-4.027858500959400220e-16
4.720715174702803438e-08
-2.076525384685290729e-16
4.517139759686666860e-08
-2.318018104499616165e-17
4.307302711529872363e-08
-2.018549538549057423e-16
4.091851168044590248e-08
-2.486880112643026568e-16
3.871249552046388615e-08
-2.007946214497054738e-16
3.645596745805245376e-08
-9.426149189747667348e-17
3.414623541829466669e-08
-2.743311076013361454e-17
3.177856881664445987e-08
-6.657410476407845351e-17
2.934840826754173247e-08
-1.819008486148532150e-16
2.685390883780667453e-08
1.386053633830934445e-17
2.429846935872013817e-08
-7.472387790998592815e-17
2.169213529164268497e-08
-1.759778891806953867e-16
1.904971055217890431e-08
-1.982880492934194266e-16
1.638502037347653045e-08
-2.118404807652823894e-16
1.370365262034418118e-08
-2.065798070182735896e-16
1.099873852767344066e-08
-7.400631269026816403e-17
8.253428476702140867e-09
-1.827439723147306911e-17
5.450128562519539488e-09
-6.767270521245610945e-17
2.582061182909546550e-09
2.340515272665516508e-16
-3.395668618774290567e-10
-4.278798681873540183e-18
-3.287792380993029219e-09
-8.625419694572112625e-17
-6.231534376792059537e-09
-5.337059712204955638e-17
-9.151024182571626886e-09
-1.517159629916830890e-16
-1.204838450872190147e-08
-2.407077847801462653e-16
-1.494651915757264612e-08
-1.733278107693388639e-16
-1.787598220746747391e-08
-2.116150157416788489e-16
-2.085708707324167570e-08
-1.439052738596733283e-16
-2.388806324237799690e-08
-8.106617741593788677e-17
-2.694660473611176847e-08
-5.749494407231788738e-17
-3.000373177964911270e-08
-1.025173387010870600e-16
-3.304084736180803105e-08
7.787883636766016483e-17
-3.605807586521488511e-08
-3.962802884799024935e-17
-3.906661343281051691e-08
-7.619574534171291217e-18
-4.206888338959737357e-08
-1.411690416883089762e-16
-4.504281093442393117e-08
-2.810043553174691683e-16
-4.795041100482522696e-08
-1.875229380298673208e-16
-5.077735009248628780e-08
-8.856766217591907016e-17
-5.358125866308952345e-08
-2.183140466992587780e-16
-5.650163215417389349e-08
2.772874025898337934e-16
-5.968868150663288543e-08
1.597073979845807728e-16
-6.315798962827823347e-08
-3.754564715236639934e-17
-6.665561770671297798e-08
5.083262781067966169e-18
-6.967335214164563812e-08
-1.305325598887821180e-17
-7.171742769677677353e-08
8.312565118596128332e-17
-7.277494514312237675e-08
-1.669302622404383944e-16
-7.369653770438636802e-08
-2.818755221589821602e-16
-7.608273778631434926e-08
-1.184913470119879224e-16
-8.141089252021751909e-08
3.254373813530074819e-16
-8.963555092019353035e-08
-1.114065917529238997e-17
-9.813227160635880413e-08
1.522750379982401720e-16
-1.021620750763896193e-07
1.366566630865319821e-16
-9.750761445203238513e-08
2.679056023499716245e-16
-8.447506429365075952e-08
2.640184588345876617e-16
-7.072155282503209269e-08
6.071281190800842127e-17
-6.969071940453775903e-08
9.016533081283999305e-17
-9.309393080791025288e-08
-6.944704464275125038e-17
-1.399458010938175751e-07
-5.340316167508995721e-17
-1.891974161946868141e-07
-1.763757098802554030e-16
-2.044346343819136957e-07
-1.852731039443940470e-16
-1.542663382538174146e-07
-1.983468347057094232e-17
-4.115581222167437976e-08
6.837293831334077847e-17
7.997434258712270899e-08
2.056278601582104586e-16
1.147611395608628585e-07
2.882268250778716463e-16
-1.794703196148652241e-08
1.500265052975092095e-16
-3.135949320938821025e-07
2.353525725036811194e-16
-6.368576740682921169e-07
1.938331606448341168e-16
-7.556213904896092887e-07
9.393711032913073516e-17
-4.702983721464744891e-07
-8.077315128149977419e-17
2.130590017694556936e-07
-4.536002037977164977e-16
9.798915443070923881e-07
-2.873855676605080800e-16
1.292008943266076147e-06
2.030524548683341281e-17
6.884987204135739678e-07
1.944715432533396829e-16
-8.259901512787959896e-07
1.486611023476814682e-16
-2.565905870320373039e-06
2.623111209017471099e-16
-3.370284607376851215e-06
5.089304440797372394e-16
-2.261254512555922558e-06
2.154590944737704093e-16
7.526345393390178808e-07
1.122922249888947023e-16
4.283919630947147189e-06
-6.502328766671469023e-17
6.053381181850320872e-06
-9.503279584256976302e-17
4.229199525601655936e-06
-8.329022296909257794e-17
-1.086297260970069664e-06
-1.467439674743998807e-16
-7.306752301752161605e-06
-4.564194364345978839e-17
-1.048671892813194397e-05
2.005570393607432270e-16
-7.789900695024604011e-06
2.161261229017627486e-16
2.063270766687148330e-07
2.214846480523600145e-16
9.209342391369985899e-06
4.584462947796492200e-16
1.365810295046847492e-05
3.179492074126297244e-16
1.059850326970508731e-05
-5.048139765853946285e-17
2.129493868606326825e-06
2.113685941008932652e-17
-5.876783770541439126e-06
4.897531524111692157e-17
-8.256121269901378157e-06
-1.240527806866201997e-16
-4.645362202830433988e-06
-1.425073068707233524e-16
6.512946250472870959e-07
2.319501909318605430e-17
3.123423695944950495e-06
3.283368526626492779e-17
2.284925635022345425e-06
3.308295782830971629e-16
1.005152117752706062e-06
5.325017132254167297e-16
1.041043634147156474e-06
3.495328620394452139e-16
8.138868872367660651e-07
1.375561541007719694e-16
-1.610682531740995371e-06
1.539629364203829903e-16
-4.739979649347817683e-06
6.036648237986984553e-17
-4.585235302835043302e-06
4.653636532109568880e-17
6.497518799300421147e-07
-8.901699782737958126e-17
7.842045134598787156e-06
-7.814593231708495130e-17
1.131486678868900888e-05
-5.035905402621894131e-17
7.770262419696060446e-06
3.520289845520799545e-16
-9.266971406315843547e-07
2.954445605804052412e-16
-9.280084403367957628e-06
2.589390420877221589e-16
-1.229064211930182633e-05
2.628565896259418982e-16
-8.749758416041367810e-06
4.425768848996247507e-16
-1.515508063954257429e-06
1.426037923246771157e-16
4.876646618008491872e-06
1.337456816111191450e-17
7.203807023672573090e-06
2.150392443677862640e-16
5.148652674509496666e-06
1.043767936464279545e-16
8.382873445759394417e-07
2.097449940589162744e-16
-2.911927645469643595e-06
4.548201242767183616e-17
-4.307075313622727125e-06
2.185809921686996823e-16
-3.270808540333174635e-06
-1.861636016512093197e-17
-1.013343778937530252e-06
2.335274657526156389e-16
9.751605108364087210e-07
1.074691915738812257e-16
1.788374585882352873e-06
-9.330028069010119609e-17
1.398549502522193939e-06
2.094702225950981575e-16
3.971424838350973815e-07
2.076809344065746594e-17
-5.074063578871629153e-07
2.217605717832802508e-16
-8.911388488595788033e-07
-6.658490272648594130e-17
-7.365200329244075976e-07
1.334858226225828597e-16
-3.035353995623576833e-07
2.953893033526507431e-16
9.823915167171248188e-08
1.343148680955296785e-16
2.841741520165949202e-07
-5.302538226740816608e-17
2.438326674644483020e-07
-1.763329064018085327e-16
8.362833934767069344e-08
1.027819512953658592e-16
-6.948571275714585571e-08
2.184999125110157933e-16
-1.396559353611495890e-07
2.568425876455643376e-16
-1.213173680176575782e-07
2.906877253255895804e-16
-5.547953952112185339e-08
9.805290663236002299e-17
8.711860810009936747e-09
3.931997064913787295e-16
4.190307862015640297e-08
1.497991445473883633e-16
4.166539096118353573e-08
1.823320954830612572e-16
2.318149016272915570e-08
1.583943609417487307e-16
4.629136523779097681e-09
6.541667279065776636e-17
-3.186939702034471051e-09
2.150676715708731543e-16
6.735641371318942608e-10
1.618591459533877446e-16
1.081412207793269992e-08
1.318916079480433782e-16
2.082781663191454120e-08
1.640039527633260654e-16
2.696520012238566418e-08
3.042173326318076903e-16
2.893711023756343466e-08
4.764164792570206270e-16
2.861643126246719897e-08
3.246495015236484040e-16
2.817608040088044389e-08
2.122887737714611761e-16
2.885726733008966334e-08
3.635320929266109293e-16
3.073817874830752917e-08
2.047070919078262053e-17
3.319855302096165485e-08
1.482963599623868689e-16
3.554250218165959215e-08
1.761824383758243363e-17
3.738861741653893235e-08
1.314888705044482230e-16
3.872594221904868267e-08
8.385421964880404428e-17
3.975338416758925578e-08
3.269286368574377556e-16
4.068263628158547323e-08
4.141775249638617485e-16
4.162474969418424378e-08
2.420815359114318456e-16
4.258270432456356661e-08
2.251922229227358282e-16
4.350525793949455158e-08
2.782361256516890562e-16
4.434374251674726630e-08
2.949044199611052255e-16
4.507809750327459433e-08
3.478798829148999792e-16
4.571134989104799551e-08
-8.062707917444603289e-18
4.625119455445599881e-08
-5.510241755506320642e-17
4.669754290606705269e-08
2.053692598225497156e-16
4.704366580819768108e-08
5.452926019343726612e-17
4.728620992134652376e-08
2.342304940188957841e-16
4.743387651724385880e-08
3.899372594444268418e-16
4.750688512926337162e-08
4.505985293063480326e-16
4.752713224913194606e-08
4.566005010930608292e-16
4.750572437980810453e-08
2.261658546894619877e-16
4.743669953625793851e-08
1.037508276975283139e-16
4.730116596352998513e-08
2.508205159905197428e-16
4.707924645354029088e-08
-1.979195535676085557e-16
4.676195256914800964e-08
-2.513554339244419359e-16
4.635592697046698683e-08
-1.329548342568731954e-16
4.587875728274858631e-08
1.134115968065205244e-16
4.534896315669546652e-08
2.126104155050204111e-16
4.477715283364242840e-08
3.297499029590130175e-16
4.416340744061246766e-08
2.791354912931748594e-16
4.350075214237861572e-08
3.002803015595701363e-16
4.278135979086378677e-08
1.434401268496192844e-16
4.200103739798857009e-08
-6.787994553123033816e-17
4.116042748138776282e-08
2.157693760702347886e-16
4.026368258520319848e-08
-3.121953935193198798e-16
3.931717787934495211e-08
-1.412902817733397888e-16
3.832870163829317119e-08
-6.921317750488795655e-17
3.730631765561439528e-08
-5.032900007010516043e-17
3.625575487429433030e-08
4.621831956490454070e-17
3.517811122685640526e-08
5.643243415559110636e-16
3.406969650529590563e-08
3.127836678154078957e-16
3.292483639798974545e-08
4.183623563014342515e-16
3.173946977665618033e-08
1.917807060931083636e-16
3.051374557424492705e-08
1.270827995407503505e-16
2.925217641919621782e-08
2.859071976003070608e-17
2.796233961837217266e-08
-7.120424498229059355e-16
2.665268509125586816e-08
-1.518731252527001723e-16
2.533034568322932520e-08
1.004181451469563880e-17
2.399864375309174979e-08
-1.593106401540404769e-16
2.265567515585048571e-08
6.876998147148874474e-17
2.129514003517431838e-08
3.009211166921876116e-16
1.991038478646358088e-08
1.432415819283006173e-16
1.849930564712720644e-08
7.664175154121044783e-17
1.706740360787152963e-08
2.307224405601260852e-16
1.562640603671655635e-08
3.914231716078464652e-16
1.418929259676596815e-08
3.580557239088858363e-19
1.276384228991218372e-08
-2.223014676967603645e-16
1.134877072493913079e-08
-4.241945623610856504e-16
9.934768697537127640e-09
-1.497346096576082634e-16
8.510820078282516753e-09
3.442670434130212194e-18
7.071588662949953339e-09
5.002820163481396070e-17
5.621361194170535296e-09
2.731188658307721443e-16
4.171839918704014769e-09
2.662314006416109784e-16
2.736164103197871825e-09
-3.091597214556176594e-16
1.322787733300855507e-09
1.356105907284385637e-16
-6.728040614623432759e-11
-4.065518127952041023e-17
-1.439512404433708210e-09
-1.281302793294725173e-16
-2.801875627882555377e-09
-1.803688037387239026e-16
-4.160175465770848746e-09
-1.902374940250516817e-16
-5.514500470119972785e-09
-6.122001562751500835e-17
-6.858994170069071106e-09
-1.558279614349765494e-16
-8.185051596336471736e-09
1.534924692864058711e-16
-9.486272921236225085e-09
-9.149523798491946911e-17
-1.076129333734122785e-08
3.603412003369978139e-16
-1.201266012421063581e-08
1.689755268008946317e-16
-1.324281549483561592e-08
-1.933958440373694672e-17
-1.445122143317004771e-08
-5.343747497897034646e-17
-1.563477843233416213e-08
-8.165862527007729709e-17
-1.679080328367144455e-08
-5.851274898187497037e-16
-1.791918134908688914e-08
-2.011817083528022827e-16
-1.902187603794519342e-08
-1.924259815979340164e-16
-2.010019186361401027e-08
-2.347964498638906172e-16
-2.115241697616047640e-08
1.996040973716657658e-17
-2.217373522561695195e-08
-7.889051536033882228e-17
-2.315879977106420126e-08
1.425478244875140390e-16
-2.410489544792220870e-08
-2.170382146815209999e-16
-2.501349519593471441e-08
-7.770626602100882846e-18
-2.588902159079084407e-08
-6.178903492432133451e-17
-2.673578571610242869e-08
-1.471904955704985773e-16
-2.755481284202943483e-08
-4.721699900203540319e-16
-2.834239328891007017e-08
-2.341265721952412854e-16
-2.909120848927291753e-08
-3.869852362957103705e-16
-2.979381710540544157e-08
-4.161344817997260553e-16
-3.044692772464127341e-08
-7.761748036709436598e-17
-3.105417136833294507e-08
-2.050081016436809845e-16
-3.162500129397741943e-08
9.250850014867133667e-17
-3.216925338365109261e-08
-2.318114742864027307e-16
-3.269023136307694829e-08
-1.469554262731809102e-16
-3.318142280590086850e-08
-2.635882722079149561e-16
-3.363009784055627380e-08
1.926426641605883199e-16
-3.402567367619046630e-08
-5.939808687583867071e-17
-3.436668890386114780e-08
-1.018919372831686614e-16
-3.466117809114132644e-08
-2.621934340802738739e-16
-3.492060088745858434e-08
-9.854903787538772726e-17
-3.515214350598520805e-08
1.949208726987463173e-16
-3.535484752094779047e-08
9.735301510017181953e-17
-3.552141115756428094e-08
-5.430882277559510869e-16
-3.564355739757623436e-08
-6.000383007944163540e-17
-3.571699076232118709e-08
-2.604428713463966071e-16
-3.574334626058672388e-08
-2.029122493688559736e-16
-3.572860739637583629e-08
-2.768524593873104733e-16
-3.567935307739762374e-08
-1.316008666219446077e-17
-3.559866760882151720e-08
-7.256778362550215043e-17
-3.548390270145788504e-08
-1.076263877803515282e-17
-3.532757749462488748e-08
-3.004973197356749380e-16
-3.512153422835767924e-08
1.078277307510888297e-17
-3.486228356556439417e-08
-4.087012955149825772e-16
-3.455448601784891218e-08
-8.720727053070509874e-16
-3.420970172756746728e-08
-6.298971447952777379e-16
-3.384050272199460382e-08
-1.723848114229403977e-16
-3.345320024876850044e-08
-1.624303903068167624e-16
-3.304415392086876337e-08
-2.695921538104481583e-16
-3.260224179762898010e-08
-2.131871478747900741e-16
-3.211601488117411800e-08
-1.194893660798430338e-16
-3.158059523767193594e-08
6.393835015051729691e-17
-3.099994516597805683e-08
-4.018624274960595342e-16
-3.038336614886053380e-08
-1.770189118359998151e-16
-2.973932126115740234e-08
-4.664834945176324622e-16
-2.907098998047206850e-08
-8.565895669120764731e-17
-2.837628126492780089e-08
-2.787824635262318794e-16
-2.765120955578900072e-08
-5.519050423520458304e-17
-2.689353627687455651e-08
-2.284674757109844619e-16
-2.610419452357436372e-08
-2.239478429891664985e-16
-2.528628102731283462e-08
-5.882728259888621182e-17
-2.444273400505454386e-08
-2.031838401023121819e-16
-2.357422093009470256e-08
-1.227684093832196215e-16
-2.267852352468462732e-08
-5.165410927067736650e-16
-2.175211977931834424e-08
-1.529871240382678912e-16
-2.079341146708954743e-08
-5.441966418768848460e-16
-1.980556676590851837e-08
-5.645744365911663784e-16
-1.879650103122751329e-08
-6.255533191091759357e-16
-1.777506609008963998e-08
-2.488664935721275733e-16
-1.674570372089218647e-08
1.892439707975911496e-16
-1.570571767803237868e-08
3.989316266381137564e-16
-1.464780437379824550e-08
2.581976494734378740e-16
-1.356599153827311535e-08
1.287655131243521127e-16
-1.246035580875825086e-08
-1.492364343452387051e-16
-1.133699070083246254e-08
-3.849173426418787896e-16
-1.020394751170653272e-08
-1.319254478503402152e-16
-9.066571616577822936e-09
-5.602856826490174690e-16
-7.925405498623761760e-09
-4.967392596935806847e-16
-6.777007750586634066e-09
-7.430738410342758896e-16
-5.616512051881515679e-09
-2.634012695639479332e-16
-4.440210968843256872e-09
8.776945475219678178e-17
-3.247511403854016990e-09
-2.643763358723048865e-17
-2.041744601009193684e-09
2.951245779424729844e-16
-8.297578144494250927e-10
9.069575310919222590e-17
3.803453448423335122e-10
-2.849846089143529639e-16
1.582646565959866391e-09
-1.781688289127539687e-16
2.776397101326175615e-09
-7.452514777082486896e-16
3.965910683128684664e-09
-2.943570198886408041e-16
5.157238706777567491e-09
-4.337728976517868143e-16
6.353633329245331959e-09
-3.003085392212722195e-16
7.553293197299748990e-09
-6.649327913906596478e-16
8.750413282258532611e-09
-4.325151887923480910e-17
9.938513350027285456e-09
6.448292754134652229e-17
1.111303384547332029e-08
1.306843783863526117e-16
1.227183166628766511e-08
1.112556986707706492e-16
1.341377385680799596e-08
-1.010429712546423784e-16
1.453781581149062899e-08
-3.491030554306845621e-16
1.564354253719515139e-08
-3.874458429105065739e-16
1.673282205518928651e-08
-4.591282476566548068e-16
1.780994883921333956e-08
-4.397108990527858541e-16
1.887931517295648237e-08
-2.102305909304712330e-16
1.994152758125835292e-08
-2.143664387506053480e-16
2.099157797562968895e-08
1.512148546500283274e-16
2.202064467897791282e-08
1.799583064542524116e-16
2.302056460083291957e-08
4.026300151441440608e-16
2.398707355533783399e-08
-2.776093013471524273e-17
2.492009329303601185e-08
-6.187770654106417213e-17
2.582158064967636132e-08
-4.182340905464143640e-16
2.669365983637919961e-08
-4.904598368352118438e-16
2.753775995820891416e-08
-5.866971601465573071e-16
2.835448834151513165e-08
-3.106037956060829334e-16
2.914300196472057708e-08
-1.147314479251837792e-16
2.990066027828279665e-08
-2.980104317067135909e-16
3.062354607622664327e-08
-1.616930833142492424e-16
3.130839657111327362e-08
3.918174095046594934e-16
3.195425689773559006e-08
5.043779322122112169e-16
3.256265636373866658e-08
3.052995348259904345e-16
3.313567449457710005e-08
-2.065176196545065196e-16
3.367371171733931704e-08
-1.228644752951690922e-16
3.417435020735724343e-08
-1.964322753760293880e-16
3.463330921112660738e-08
-4.760013535995357246e-16
3.504639928251680142e-08
-3.575710187482881465e-16
3.541139626069004548e-08
-1.073165047901416133e-16
3.572838721607261401e-08
-9.909011003778651506e-17
3.599886255380000683e-08
1.187062096716312762e-16
3.622412502115158807e-08
2.608309199936282937e-16
3.640440455409174686e-08
2.328212960639210915e-16
3.653872176627603285e-08
1.097552969323688951e-15
3.662535043456098698e-08
4.023826368016136740e-17
3.666211658571326248e-08
-2.201798446283980368e-16
3.664698231676662992e-08
-2.592430818889782063e-16
3.657895699456263979e-08
-3.865769368405386820e-16
3.645908677660633666e-08
-1.612643796816298215e-16
3.629003642951856326e-08
-3.401360865821233150e-16
3.607395213030772120e-08
8.271789425036626378e-17
3.580973171960447488e-08
-4.536890366573501042e-17
3.549217391376580604e-08
-4.593468012622085529e-16
3.511387642762059258e-08
1.052588910955897701e-16
3.466894515316086475e-08
-5.875880767864501907e-17
3.415613435489626459e-08
1.972790187077560569e-16
3.357993313777290202e-08
-2.933399502029614459e-16
3.294904759986603121e-08
-1.184921958939234741e-16
3.227295508674761148e-08
-2.161551129560208550e-16
3.155758379386417283e-08
4.117662496446886352e-16
3.080185037889902500e-08
-1.292492547723503076e-17
2.999682959287484403e-08
-2.589990055136865859e-17
2.912885366262136611e-08
1.331218746055668991e-16
2.818604470235778346e-08
3.418473157301231244e-16
2.716547831831868294e-08
2.235881066867061458e-16
2.607647775721582798e-08
-1.866107848362556694e-16
2.493692406142842330e-08
8.863322158208108453e-19
2.376366273714815217e-08
-1.327913249871350269e-16
2.256244458113535195e-08
2.679952566090063898e-16
2.132378639232732175e-08
-1.038920373193279644e-16
2.002782538528565102e-08
-2.829474500521591954e-16
1.865562592562877841e-08
-7.023196700017403274e-17
1.720003371041567396e-08
-1.380900654742239104e-16
1.566910669360076748e-08
6.624454831507516455e-16
1.407974195137759385e-08
9.750536358932268075e-17
1.244581431120076973e-08
1.532532957783735899e-16
1.076943594583860937e-08
2.316064801814030255e-16
9.042791777203521164e-09
1.216917590779642771e-16
7.260846604849770227e-09
1.946272834779724498e-16
5.435520524286866526e-09
1.635037234328749967e-16
3.596030889602069539e-09
1.078999629722969724e-16
1.765395321368535335e-09
5.581344759987849196e-16
-7.884407386868226865e-11
5.081986233869255908e-16
-2.029376260411189997e-09
3.263297451786915555e-16
-4.220726351452116224e-09
5.597359356200409659e-16
-6.732087605510396954e-09
-2.332547503911451195e-16
-9.460951841202591586e-09
-3.083191423431784016e-16
-1.206676091792294718e-08
1.179945386436366187e-16
-1.409490405155852226e-08
2.681835908747757916e-16
-1.530627090324515879e-08
5.152660493179027509e-16
-1.606431640189519227e-08
1.949858960209259244e-16
-1.746747714069076635e-08
5.160407500068457968e-16
-2.091779910017185463e-08
4.592269957053233020e-17
-2.710269626521444999e-08
1.176136009428958033e-16
-3.487527372441501251e-08
2.168497243891060545e-16
-4.095031037640473169e-08
7.289700225243113978e-16
-4.125215026857610767e-08
-1.210977964123473375e-17
-3.388083156521465645e-08
1.162687707201057249e-16
-2.223393493244276796e-08
6.361680041348150081e-17
-1.570696476937173364e-08
-1.814645964071141774e-16
-2.576688216376628356e-08
1.152564482791361979e-17
-5.770065760594781741e-08
6.991869620224550141e-19
-1.022065568848613997e-07
2.394563948667173729e-16
-1.337854064187418220e-07
5.818133974242486812e-17
-1.215531115249975411e-07
5.266470570017910751e-16
-5.120486104968694569e-08
1.017763516450881313e-16
5.318609867215417629e-08
-6.313844809885537202e-17
1.255356752211487672e-07
6.009649380385316304e-17
8.601468223289789367e-08
-6.249013738058351871e-16
-1.031655176900265963e-07
2.554786991775609832e-16
-3.837884383574239445e-07
1.252779024147599252e-16
-5.939383826007467263e-07
4.900075371595828520e-16
-5.383019467111850233e-07
9.484721156578409908e-16
-1.226914847192967048e-07
4.985148689368677377e-16
5.198397184198332147e-07
6.222114606704480917e-16
1.015228589684467085e-06
1.955802486028970340e-16
9.147550959447085134e-07
5.557602750036139020e-16
3.648985860232814113e-10
-1.256144840106843520e-16
-1.442157086040883642e-06
1.225088088843516012e-16
-2.609361116266455322e-06
2.287919512837581782e-16
-2.554012475395940961e-06
-2.294925900484917579e-17
-8.283276305803030517e-07
3.894596124702292696e-16
1.984485940985279359e-06
5.564678826175732439e-16
4.304221110788124282e-06
2.769103346791488582e-16
4.347866739018866876e-06
9.356029148877258897e-16
1.358053420695112062e-06
4.284350276384623689e-16
-3.523602644988702896e-06
1.402760937574315843e-16
-7.528948544753703411e-06
2.026842513140799806e-16
-7.830732916265346430e-06
-1.784934811539196326e-16
-3.565267617696175678e-06
-2.936631978433989809e-16
3.153741286619856198e-06
8.437210085987749920e-17
8.285711821775530375e-06
1.528555895512247107e-16
8.591654720720082520e-06
5.694659227032587949e-16
4.123014066227994321e-06
3.405021368548561122e-16
-1.680065715165132093e-06
1.743291581372434057e-15
-4.712525802819426858e-06
6.946133590781890600e-16
-3.587344663112747141e-06
6.179038259107435082e-16
-4.981340425706734919e-07
4.004406966979543472e-16
1.406846371923479569e-06
5.632635467536414986e-17
1.314024440799343479e-06
-2.964136502424663113e-16
8.892554159684407746e-07
-1.085168091699568885e-16
1.000000000000000000e+00
-1.747500000000000164e-01
1.747500000000000164e-01
3.495000000000000329e-01
0.000000000000000000e+00
