      1000 0.0d0 1.318798d0 1.318798d0
   0.137755084E-10   0.544520100E-07  -0.296749767E+01  -0.148726778E-02
  -0.257541468E-05  -0.388636061E-02  -0.289704200E+01   0.106488875E+03
  -0.101793506E-04  -0.758763734E-02  -0.268767774E+01   0.209946422E+03
  -0.224477994E-04  -0.109239073E-01  -0.234536685E+01   0.307426209E+03
  -0.387856292E-04  -0.137256945E-01  -0.187985368E+01   0.396156743E+03
  -0.583835107E-04  -0.158387332E-01  -0.130438197E+01   0.473620819E+03
  -0.802409417E-04  -0.171283442E-01  -0.635309533E+00   0.537629463E+03
  -0.103194684E-03  -0.174832402E-01   0.108369125E+00   0.586386958E+03
  -0.125951786E-03  -0.168186468E-01   0.905579012E+00   0.618545157E+03
  -0.147126217E-03  -0.150786466E-01   0.173378473E+01   0.633245580E+03
  -0.165278046E-03  -0.122376704E-01   0.256965731E+01   0.630148068E+03
  -0.178953997E-03  -0.830108829E-02   0.338976959E+01   0.609445173E+03
  -0.186728169E-03  -0.330487415E-02   0.417130084E+01   0.571861778E+03
  -0.187241708E-03   0.268565561E-02   0.489273104E+01   0.518639861E+03
  -0.179240213E-03   0.957800198E-02   0.553450545E+01   0.451508699E+03
  -0.161607726E-03   0.172554907E-01   0.607965052E+01   0.372641196E+03
  -0.133396229E-03   0.255810506E-01   0.651432360E+01   0.284597383E+03
  -0.938497041E-04   0.344016655E-01   0.682828033E+01   0.190256504E+03
  -0.424219271E-04   0.435533803E-01   0.701524575E+01   0.927393932E+02
   0.212126308E-04   0.528667273E-01   0.707317766E+01  -0.467684253E+01
   0.971552676E-04   0.621724242E-01   0.700441345E+01  -0.986496286E+02
   0.185287127E-03   0.713071854E-01   0.681569475E+01  -0.185864810E+03
   0.285280932E-03   0.801194843E-01   0.651806751E+01  -0.263131109E+03
   0.396620204E-03   0.884751007E-01   0.612665835E+01  -0.327472595E+03
   0.518625571E-03   0.962622947E-01   0.566033166E+01  -0.376216600E+03
   0.650487583E-03   0.103396452E+00   0.514123489E+01  -0.407074624E+03
   0.791305219E-03   0.109824064E+00   0.459424311E+01  -0.418213872E+03
   0.940129151E-03   0.115525908E+00   0.404631634E+01  -0.408317307E+03
   0.109600862E-02   0.120519341E+00   0.352578634E+01  -0.376630343E+03
   0.125804070E-02   0.124859609E+00   0.306159144E+01  -0.322992602E+03
   0.142542062E-02   0.128640121E+00   0.268247995E+01  -0.247853551E+03
   0.159749173E-02   0.131991668E+00   0.241620406E+01  -0.152271188E+03
   0.177379376E-02   0.135080585E+00   0.228872692E+01  -0.378934032E+02
   0.195410796E-02   0.138105877E+00   0.232346572E+01   0.930779512E+02
   0.213849781E-02   0.141295398E+00   0.254059342E+01   0.237939766E+03
   0.232734407E-02   0.144901144E+00   0.295642053E+01   0.393556222E+03
   0.252137314E-02   0.149193802E+00   0.358287726E+01   0.556441796E+03
   0.272167780E-02   0.154456692E+00   0.442711366E+01   0.722856941E+03
   0.292972962E-02   0.160979262E+00   0.549123340E+01   0.888914279E+03
   0.314738259E-02   0.169050331E+00   0.677217325E+01   0.105069281E+04
   0.337686785E-02   0.178951275E+00   0.826173712E+01   0.120435738E+04
   0.362077936E-02   0.190949359E+00   0.994678968E+01   0.134628041E+04
   0.388205110E-02   0.205291434E+00   0.118096104E+02   0.147316273E+04
   0.416392627E-02   0.222198205E+00   0.138284048E+02   0.158215037E+04
   0.446991937E-02   0.241859270E+00   0.159779653E+02   0.167094399E+04
   0.480377242E-02   0.264429133E+00   0.182304704E+02   0.173789790E+04
   0.516940660E-02   0.290024341E+00   0.205564052E+02   0.178210557E+04
   0.557087095E-02   0.318721922E+00   0.229255851E+02   0.180346899E+04
   0.601228993E-02   0.350559216E+00   0.253082589E+02   0.180274929E+04
   0.649781176E-02   0.385535209E+00   0.276762647E+02   0.178159664E+04
   0.703155951E-02   0.423613407E+00   0.300042112E+02   0.174255759E+04
   0.761758698E-02   0.464726275E+00   0.322706532E+02   0.168905889E+04
   0.825984154E-02   0.508781201E+00   0.344592288E+02   0.162536684E+04
   0.896213577E-02   0.555667918E+00   0.365597282E+02   0.155652232E+04
   0.972812977E-02   0.605267285E+00   0.385690596E+02   0.148825178E+04
   0.105613259E-01   0.657461241E+00   0.404920828E+02   0.142685523E+04
   0.114650775E-01   0.712143770E+00   0.423422810E+02   0.137907300E+04
   0.124426121E-01   0.769232622E+00   0.441422431E+02   0.135193323E+04
   0.134970711E-01   0.828681541E+00   0.459239335E+02   0.135258293E+04
   0.146315657E-01   0.890492688E+00   0.477287308E+02   0.138810578E+04
   0.158492483E-01   0.954728963E+00   0.496072177E+02   0.146533022E+04
   0.171534012E-01   0.102152587E+01   0.516187142E+02   0.159063180E+04
   0.185475398E-01   0.109110262E+01   0.538305483E+02   0.176973418E+04
   0.200355293E-01   0.116377202E+01   0.563170657E+02   0.200751306E+04
   0.216217147E-01   0.123994904E+01   0.591583843E+02   0.230780771E+04
   0.233110599E-01   0.132015736E+01   0.624389086E+02   0.267324471E+04
   0.251092946E-01   0.140503404E+01   0.662456211E+02   0.310507827E+04
   0.270230654E-01   0.149533159E+01   0.706661768E+02   0.360305168E+04
   0.290600888E-01   0.159191756E+01   0.757868301E+02   0.416528362E+04
   0.312293004E-01   0.169577125E+01   0.816902316E+02   0.478818326E+04
   0.335409995E-01   0.180797741E+01   0.884531318E+02   0.546639720E+04
   0.360069817E-01   0.192971693E+01   0.961440385E+02   0.619279093E+04
   0.386406585E-01   0.206225442E+01   0.104820874E+03   0.695846680E+04
   0.414571578E-01   0.220692269E+01   0.114528678E+03   0.775281988E+04
   0.444734018E-01   0.236510429E+01   0.125297414E+03   0.856363226E+04
   0.477081591E-01   0.253821024E+01   0.137139924E+03   0.937720571E+04
   0.511820670E-01   0.272765619E+01   0.150050079E+03   0.101785316E+05
   0.549176202E-01   0.293483628E+01   0.164001185E+03   0.109514963E+05
   0.589391246E-01   0.316109508E+01   0.178944674E+03   0.116791201E+05
   0.632726119E-01   0.340769810E+01   0.194809139E+03   0.123438251E+05
   0.679457155E-01   0.367580111E+01   0.211499732E+03   0.129277294E+05
   0.729875052E-01   0.396641909E+01   0.228897974E+03   0.134129622E+05
   0.784282804E-01   0.428039513E+01   0.246861979E+03   0.137819946E+05
   0.842993233E-01   0.461836987E+01   0.265227135E+03   0.140179804E+05
   0.906326120E-01   0.498075229E+01   0.283807232E+03   0.141051011E+05
   0.974604963E-01   0.536769211E+01   0.302396044E+03   0.140289078E+05
   0.104815339E+00   0.577905469E+01   0.320769360E+03   0.137766549E+05
   0.112729124E+00   0.621439886E+01   0.338687441E+03   0.133376165E+05
   0.121233040E+00   0.667295829E+01   0.355897886E+03   0.127033822E+05
   0.130357044E+00   0.715362684E+01   0.372138870E+03   0.118681227E+05
   0.140129399E+00   0.765494846E+01   0.387142704E+03   0.108288216E+05
   0.150576213E+00   0.817511193E+01   0.400639679E+03   0.958546623E+04
   0.161720968E+00   0.871195091E+01   0.412362140E+03   0.814119358E+04
   0.173584057E+00   0.926294937E+01   0.422048703E+03   0.650238671E+04
   0.186182322E+00   0.982525274E+01   0.429448582E+03   0.467871779E+04
   0.199528626E+00   0.103956848E+02   0.434325927E+03   0.268313569E+04
   0.213631438E+00   0.109707701E+02   0.436464109E+03   0.531796168E+03
   0.228494454E+00   0.115467624E+02   0.435669877E+03  -0.175606598E+04
   0.244116267E+00   0.121196777E+02   0.431777303E+03  -0.415832231E+04
   0.260490074E+00   0.126853332E+02   0.424651455E+03  -0.665019239E+04
   0.277603441E+00   0.132393902E+02   0.414191703E+03  -0.920453904E+04
   0.295438131E+00   0.137774016E+02   0.400334608E+03  -0.117922138E+05
   0.313969993E+00   0.142948621E+02   0.383056329E+03  -0.143824480E+05
   0.333168916E+00   0.147872624E+02   0.362374474E+03  -0.169432837E+05
   0.352998868E+00   0.152501445E+02   0.338349372E+03  -0.194420388E+05
   0.373417995E+00   0.156791585E+02   0.311084704E+03  -0.218457988E+05
   0.394378803E+00   0.160701201E+02   0.280727477E+03  -0.241219270E+05
   0.415828416E+00   0.164190674E+02   0.247467311E+03  -0.262385861E+05
   0.437708905E+00   0.167223159E+02   0.211535039E+03  -0.281652611E+05
   0.459957690E+00   0.169765123E+02   0.173200621E+03  -0.298732763E+05
   0.482508009E+00   0.171786837E+02   0.132770382E+03  -0.313362948E+05
   0.505289453E+00   0.173262841E+02   0.905836062E+02  -0.325307952E+05
   0.528228556E+00   0.174172346E+02   0.470085267E+02  -0.334365133E+05
   0.551249437E+00   0.174499593E+02   0.243775414E+01  -0.340368427E+05
   0.574274482E+00   0.174234137E+02  -0.427167890E+02  -0.343191859E+05
   0.597225060E+00   0.173371072E+02  -0.880293613E+02  -0.342752489E+05
   0.620022269E+00   0.171911167E+02  -0.133066244E+03  -0.339012725E+05
   0.642587684E+00   0.169860939E+02  -0.177391842E+03  -0.331981967E+05
   0.664844123E+00   0.167232632E+02  -0.220574960E+03  -0.321717516E+05
   0.686716391E+00   0.164044119E+02  -0.262195138E+03  -0.308324741E+05
   0.708132013E+00   0.160318717E+02  -0.301848974E+03  -0.291956468E+05
   0.729021941E+00   0.156084923E+02  -0.339156297E+03  -0.272811597E+05
   0.749321209E+00   0.151376065E+02  -0.373766124E+03  -0.251132948E+05
   0.768969549E+00   0.146229882E+02  -0.405362267E+03  -0.227204358E+05
   0.787911936E+00   0.140688027E+02  -0.433668523E+03  -0.201347067E+05
   0.806099077E+00   0.134795511E+02  -0.458453331E+03  -0.173915435E+05
   0.823487803E+00   0.128600084E+02  -0.479533830E+03  -0.145292043E+05
   0.840041398E+00   0.122151569E+02  -0.496779233E+03  -0.115882264E+05
   0.855729818E+00   0.115501158E+02  -0.510113447E+03  -0.861083630E+04
   0.870529829E+00   0.108700675E+02  -0.519516895E+03  -0.564032322E+04
   0.884425037E+00   0.101801823E+02  -0.525027491E+03  -0.272038423E+04
   0.897405825E+00   0.948554267E+01  -0.526740733E+03   0.105547594E+03
   0.909469186E+00   0.879106713E+01  -0.524808908E+03   0.279498216E+04
   0.920618456E+00   0.810143666E+01  -0.519439403E+03   0.530704733E+04
   0.930862954E+00   0.742102346E+01  -0.510892125E+03   0.760314895E+04
   0.940217532E+00   0.675382379E+01  -0.499476079E+03   0.964760512E+04
   0.948702032E+00   0.610339586E+01  -0.485545119E+03   0.114082442E+05
   0.956340675E+00   0.547280389E+01  -0.469492946E+03   0.128569562E+05
   0.963161374E+00   0.486456913E+01  -0.451747414E+03   0.139701889E+05
   0.969194987E+00   0.428062893E+01  -0.432764219E+03   0.147293786E+05
   0.974474527E+00   0.372230441E+01  -0.413020067E+03   0.151213093E+05
   0.979034331E+00   0.319027750E+01  -0.393005423E+03   0.151383935E+05
   0.982909208E+00   0.268457771E+01  -0.373216942E+03   0.147788675E+05
   0.986133570E+00   0.220457909E+01  -0.354149698E+03   0.140469001E+05
   0.988740575E+00   0.174900752E+01  -0.336289330E+03   0.129526094E+05
   0.990761282E+00   0.131595827E+01  -0.320104232E+03   0.115119874E+05
   0.992223832E+00   0.902923911E+00  -0.306037895E+03   0.974673328E+04
   0.993152678E+00   0.506832063E+00  -0.294501533E+03   0.768399607E+04
   0.993567870E+00   0.124092653E+00  -0.285867110E+03   0.535603006E+04
   0.993484410E+00  -0.249345925E+00  -0.280460869E+03   0.279976801E+04
   0.992911678E+00  -0.617932524E+00  -0.278557484E+03   0.563175615E+02
   0.991852960E+00  -0.986441691E+00  -0.280374917E+03  -0.282961178E+04
   0.990305065E+00  -0.135989584E+01  -0.286070078E+03  -0.581034271E+04
   0.988258056E+00  -0.174348227E+01  -0.295735350E+03  -0.883591609E+04
   0.985695085E+00  -0.214246619E+01  -0.309396060E+03  -0.118548184E+05
   0.982592351E+00  -0.256210107E+01  -0.327008917E+03  -0.148147399E+05
   0.978919176E+00  -0.300753761E+01  -0.348461481E+03  -0.176633521E+05
   0.974638202E+00  -0.348373262E+01  -0.373572647E+03  -0.203490921E+05
   0.969705702E+00  -0.399535929E+01  -0.402094178E+03  -0.228219434E+05
   0.964072018E+00  -0.454672017E+01  -0.433713252E+03  -0.250341989E+05
   0.957682101E+00  -0.514166409E+01  -0.468055997E+03  -0.269411967E+05
   0.950476163E+00  -0.578350844E+01  -0.504691979E+03  -0.285020154E+05
   0.942390430E+00  -0.647496798E+01  -0.543139568E+03  -0.296801199E+05
   0.933357974E+00  -0.721809121E+01  -0.582872127E+03  -0.304439459E+05
   0.923309634E+00  -0.801420547E+01  -0.623324916E+03  -0.307674158E+05
   0.912175001E+00  -0.886387155E+01  -0.663902639E+03  -0.306303764E+05
   0.899883448E+00  -0.976684860E+01  -0.703987502E+03  -0.300189526E+05
   0.886365212E+00  -0.107220700E+02  -0.742947692E+03  -0.289258112E+05
   0.871552487E+00  -0.117276307E+02  -0.780146129E+03  -0.273503301E+05
   0.855380540E+00  -0.127807860E+02  -0.814949388E+03  -0.252986712E+05
   0.837788810E+00  -0.138779622E+02  -0.846736648E+03  -0.227837546E+05
   0.818721987E+00  -0.150147794E+02  -0.874908542E+03  -0.198251352E+05
   0.798131058E+00  -0.161860854E+02  -0.898895780E+03  -0.164487823E+05
   0.775974298E+00  -0.173860009E+02  -0.918167423E+03  -0.126867672E+05
   0.752218193E+00  -0.186079752E+02  -0.932238680E+03  -0.857686062E+04
   0.726838283E+00  -0.198448521E+02  -0.940678122E+03  -0.416204857E+04
   0.699819914E+00  -0.210889449E+02  -0.943114206E+03   0.510028080E+03
   0.671158885E+00  -0.223321191E+02  -0.939241008E+03   0.538770148E+04
   0.640861981E+00  -0.235658821E+02  -0.928823098E+03   0.104159630E+05
   0.608947380E+00  -0.247814795E+02  -0.911699466E+03   0.155371976E+05
   0.575444937E+00  -0.259699953E+02  -0.887786459E+03   0.206919565E+05
   0.540396325E+00  -0.271224548E+02  -0.857079673E+03   0.258197551E+05
   0.503855046E+00  -0.282299307E+02  -0.819654791E+03   0.308598872E+05
   0.465886298E+00  -0.292836481E+02  -0.775667329E+03   0.357522417E+05
   0.426566706E+00  -0.302750897E+02  -0.725351321E+03   0.404381105E+05
   0.385983910E+00  -0.311960976E+02  -0.669016939E+03   0.448609777E+05
   0.344236029E+00  -0.320389717E+02  -0.607047098E+03   0.489672765E+05
   0.301430993E+00  -0.327965632E+02  -0.539893086E+03   0.527071052E+05
   0.257685757E+00  -0.334623612E+02  -0.468069277E+03   0.560348915E+05
   0.213125408E+00  -0.340305724E+02  -0.392147013E+03   0.589099962E+05
   0.167882164E+00  -0.344961913E+02  -0.312747732E+03   0.612972481E+05
   0.122094300E+00  -0.348550620E+02  -0.230535433E+03   0.631674033E+05
   0.759049863E-01  -0.351039285E+02  -0.146208599E+03   0.644975222E+05
   0.294610752E-01  -0.352404753E+02  -0.604916666E+02   0.652712610E+05
  -0.170881612E-01  -0.352633553E+02   0.258738181E+02   0.654790723E+05
  -0.635923216E-01  -0.351722068E+02   0.112138258E+03   0.651183142E+05
  -0.109901181E+00  -0.349676578E+02   0.197553141E+03   0.641932667E+05
  -0.155865993E+00  -0.346513188E+02   0.281380135E+03   0.627150560E+05
  -0.201340775E+00  -0.342257634E+02   0.362900031E+03   0.607014874E+05
  -0.246183563E+00  -0.336944970E+02   0.441421397E+03   0.581767923E+05
  -0.290257612E+00  -0.330619151E+02   0.516288849E+03   0.551712908E+05
  -0.333432538E+00  -0.323332502E+02   0.586890827E+03   0.517209775E+05
  -0.375585383E+00  -0.315145092E+02   0.652666767E+03   0.478670350E+05
  -0.416601593E+00  -0.306124017E+02   0.713113598E+03   0.436552845E+05
  -0.456375890E+00  -0.296342604E+02   0.767791469E+03   0.391355791E+05
  -0.494813040E+00  -0.285879540E+02   0.816328645E+03   0.343611504E+05
  -0.531828499E+00  -0.274817950E+02   0.858425513E+03   0.293879173E+05
  -0.567348939E+00  -0.263244418E+02   0.893857661E+03   0.242737651E+05
  -0.601312633E+00  -0.251247982E+02   0.922477983E+03   0.190778076E+05
  -0.633669713E+00  -0.238919108E+02   0.944217810E+03   0.138596390E+05
  -0.664382292E+00  -0.226348646E+02   0.959087052E+03   0.867858778E+04
  -0.693424444E+00  -0.213626803E+02   0.967173357E+03   0.359298143E+04
  -0.720782053E+00  -0.200842123E+02   0.968640317E+03  -0.134056881E+04
  -0.746452529E+00  -0.188080506E+02   0.963724748E+03  -0.606785360E+04
  -0.770444393E+00  -0.175424260E+02   0.952733081E+03  -0.105377136E+05
  -0.792776747E+00  -0.162951213E+02   0.936036939E+03  -0.147026418E+05
  -0.813478625E+00  -0.150733884E+02   0.914067940E+03  -0.185193338E+05
  -0.832588241E+00  -0.138838732E+02   0.887311826E+03  -0.219491785E+05
  -0.850152146E+00  -0.127325480E+02   0.856301969E+03  -0.249586857E+05
  -0.866224298E+00  -0.116246534E+02   0.821612375E+03  -0.275198441E+05
  -0.880865063E+00  -0.105646497E+02   0.783850247E+03  -0.296104080E+05
  -0.894140157E+00  -0.955617752E+01   0.743648231E+03  -0.312141093E+05
  -0.906119547E+00  -0.860203036E+01   0.701656423E+03  -0.323207937E+05
  -0.916876316E+00  -0.770413623E+01   0.658534250E+03  -0.329264802E+05
  -0.926485517E+00  -0.686355098E+01   0.614942327E+03  -0.330333455E+05
  -0.935023025E+00  -0.608046204E+01   0.571534374E+03  -0.326496330E+05
  -0.942564393E+00  -0.535420278E+01   0.528949314E+03  -0.317894902E+05
  -0.949183746E+00  -0.468327708E+01   0.487803616E+03  -0.304727371E+05
  -0.954952703E+00  -0.406539390E+01   0.448684002E+03  -0.287245697E+05
  -0.959939358E+00  -0.349751107E+01   0.412140577E+03  -0.265752027E+05
  -0.964207324E+00  -0.297588792E+01   0.378680470E+03  -0.240594579E+05
  -0.967814843E+00  -0.249614589E+01   0.348762052E+03  -0.212163022E+05
  -0.970813997E+00  -0.205333639E+01   0.322789791E+03  -0.180883437E+05
  -0.973249998E+00  -0.164201491E+01   0.301109799E+03  -0.147212911E+05
  -0.975160587E+00  -0.125632067E+01   0.284006117E+03  -0.111633831E+05
  -0.976575537E+00  -0.890060553E+00   0.271697755E+03  -0.746479639E+04
  -0.977516278E+00  -0.536796468E+00   0.264336540E+03  -0.367703777E+04
  -0.977995625E+00  -0.189935034E+00   0.262005767E+03   0.147671184E+03
  -0.978017638E+00   0.157181513E+00   0.264719656E+03   0.395701043E+04
  -0.977577597E+00   0.511184225E+00   0.272423632E+03   0.769917153E+04
  -0.976662092E+00   0.878587243E+00   0.284995392E+03   0.113234547E+05
  -0.975249242E+00   0.126569953E+01   0.302246756E+03   0.147808463E+05
  -0.973309019E+00   0.167853952E+01   0.323926256E+03   0.180245710E+05
  -0.970803688E+00   0.212275369E+01   0.349722443E+03   0.210106127E+05
  -0.967688347E+00   0.260353994E+01   0.379267850E+03   0.236981982E+05
  -0.963911568E+00   0.312557656E+01   0.412143572E+03   0.260502407E+05
  -0.959416124E+00   0.369295769E+01   0.447884400E+03   0.280337373E+05
  -0.954139804E+00   0.430913584E+01   0.485984445E+03   0.296201168E+05
  -0.948016289E+00   0.497687215E+01   0.525903194E+03   0.307855365E+05
  -0.940976094E+00   0.569819486E+01   0.567071915E+03   0.315111238E+05
  -0.932947561E+00   0.647436648E+01   0.608900347E+03   0.317831607E+05
  -0.923857882E+00   0.730585986E+01   0.650783597E+03   0.315932115E+05
  -0.913634155E+00   0.819234352E+01   0.692109161E+03   0.309381920E+05
  -0.902204452E+00   0.913267629E+01   0.732264007E+03   0.298203793E+05
  -0.889498882E+00   0.101249112E+02   0.770641624E+03   0.282473650E+05
  -0.875450650E+00   0.111663089E+02   0.806648976E+03   0.262319508E+05
  -0.859997088E+00   0.122533596E+02   0.839713282E+03   0.237919887E+05
  -0.843080656E+00   0.133818146E+02   0.869288546E+03   0.209501691E+05
  -0.824649885E+00   0.145467251E+02   0.894861780E+03   0.177337574E+05
  -0.804660279E+00   0.157424907E+02   0.915958837E+03   0.141742840E+05
  -0.783075133E+00   0.169629133E+02   0.932149821E+03   0.103071899E+05
  -0.759866287E+00   0.182012592E+02   0.943053986E+03   0.617143311E+04
  -0.735014785E+00   0.194503273E+02   0.948344103E+03   0.180905851E+04
  -0.708511447E+00   0.207025216E+02   0.947750233E+03  -0.273526302E+04
  -0.680357340E+00   0.219499295E+02   0.941062873E+03  -0.741472196E+04
  -0.650564137E+00   0.231844031E+02   0.928135448E+03  -0.121808789E+05
  -0.619154381E+00   0.243976435E+02   0.908886118E+03  -0.169841893E+05
  -0.586161619E+00   0.255812873E+02   0.883298879E+03  -0.217745396E+05
  -0.551630435E+00   0.267269934E+02   0.851423964E+03  -0.265017877E+05
  -0.515616361E+00   0.278265310E+02   0.813377520E+03  -0.311163046E+05
  -0.478185675E+00   0.288718653E+02   0.769340576E+03  -0.355695097E+05
  -0.439415085E+00   0.298552424E+02   0.719557311E+03  -0.398143952E+05
  -0.399391305E+00   0.307692713E+02   0.664332643E+03  -0.438060343E+05
  -0.358210522E+00   0.316070018E+02   0.604029154E+03  -0.475020683E+05
  -0.315977768E+00   0.323619986E+02   0.539063397E+03  -0.508631661E+05
  -0.272806192E+00   0.330284095E+02   0.469901607E+03  -0.538534541E+05
  -0.228816247E+00   0.336010278E+02   0.397054880E+03  -0.564409083E+05
  -0.184134806E+00   0.340753484E+02   0.321073847E+03  -0.585977082E+05
  -0.138894197E+00   0.344476161E+02   0.242542919E+03  -0.603005458E+05
  -0.932311860E-01   0.347148660E+02   0.162074151E+03  -0.615308882E+05
  -0.472859165E-01   0.348749559E+02   0.803007917E+02  -0.622751889E+05
  -0.120080129E-02   0.349265899E+02  -0.212940832E+01  -0.625250477E+05
   0.448806028E-01   0.348693331E+02  -0.845610672E+02  -0.622773150E+05
   0.908147364E-01   0.347036168E+02  -0.166338140E+03  -0.615341404E+05
   0.136459180E+00   0.344307352E+02  -0.246810918E+03  -0.603029639E+05
   0.181673785E+00   0.340528320E+02  -0.325342969E+03  -0.585964499E+05
   0.226321783E+00   0.335728785E+02  -0.401317966E+03  -0.564323641E+05
   0.270270857E+00   0.329946429E+02  -0.474146306E+03  -0.538333941E+05
   0.313394168E+00   0.323226504E+02  -0.543271459E+03  -0.508269154E+05
   0.355571327E+00   0.315621358E+02  -0.608175973E+03  -0.474447039E+05
   0.396689292E+00   0.307189882E+02  -0.668387066E+03  -0.437225997E+05
   0.436643195E+00   0.297996883E+02  -0.723481742E+03  -0.397001229E+05
   0.475337074E+00   0.288112400E+02  -0.773091374E+03  -0.354200469E+05
   0.512684520E+00   0.277610955E+02  -0.816905694E+03  -0.309279332E+05
   0.548609213E+00   0.266570764E+02  -0.854676149E+03  -0.262716318E+05
   0.583045357E+00   0.255072901E+02  -0.886218573E+03  -0.215007537E+05
   0.615937999E+00   0.243200435E+02  -0.911415154E+03  -0.166661198E+05
   0.647243237E+00   0.231037543E+02  -0.930215656E+03  -0.118191929E+05
   0.676928304E+00   0.218668621E+02  -0.942637887E+03  -0.701149941E+04
   0.704971538E+00   0.206177376E+02  -0.948767396E+03  -0.229404630E+04
   0.731362237E+00   0.193645950E+02  -0.948756406E+03   0.228325945E+04
   0.756100387E+00   0.181154041E+02  -0.942821980E+03   0.667218231E+04
   0.779196291E+00   0.168778067E+02  -0.931243450E+03   0.108267142E+05
   0.800670076E+00   0.156590369E+02  -0.914359117E+03   0.147036080E+05
   0.820551111E+00   0.144658451E+02  -0.892562271E+03   0.182628830E+05
   0.838877316E+00   0.133044288E+02  -0.866296566E+03   0.214682948E+05
   0.855694395E+00   0.121803695E+02  -0.836050797E+03   0.242877656E+05
   0.871054979E+00   0.110985767E+02  -0.802353142E+03   0.266937679E+05
   0.885017713E+00   0.100632400E+02  -0.765764927E+03   0.286636577E+05
   0.897646273E+00   0.907778993E+01  -0.726873993E+03   0.301799525E+05
   0.909008348E+00   0.814486714E+01  -0.686287729E+03   0.312305501E+05
   0.919174578E+00   0.726630158E+01  -0.644625859E+03   0.318088857E+05
   0.928217476E+00   0.644310098E+01  -0.602513064E+03   0.319140245E+05
   0.936210342E+00   0.567544925E+01  -0.560571525E+03   0.315506880E+05
   0.943226180E+00   0.496271470E+01  -0.519413474E+03   0.307292138E+05
   0.949336630E+00   0.430346805E+01  -0.479633845E+03   0.294654487E+05
   0.954610932E+00   0.369551000E+01  -0.441803108E+03   0.277805748E+05
   0.959114938E+00   0.313590810E+01  -0.406460376E+03   0.257008721E+05
   0.962910166E+00   0.262104256E+01  -0.374106864E+03   0.232574185E+05
   0.966052932E+00   0.214666030E+01  -0.345199791E+03   0.204857315E+05
   0.968593555E+00   0.170793682E+01  -0.320146781E+03   0.174253538E+05
   0.970575642E+00   0.129954502E+01  -0.299300853E+03   0.141193902E+05
   0.972035480E+00   0.915730272E+00  -0.282956049E+03   0.106139984E+05
   0.973001520E+00   0.550390753E+00  -0.271343761E+03   0.695784134E+04
   0.973493974E+00   0.197162188E+00  -0.264629805E+03   0.320150716E+04
   0.973524528E+00  -0.150494087E+00  -0.262912277E+03  -0.603096906E+03
   0.973096172E+00  -0.499200757E+00  -0.266220218E+03  -0.440336864E+04
   0.972203146E+00  -0.855572950E+00  -0.274513122E+03  -0.814664578E+04
   0.970831014E+00  -0.122612655E+01  -0.287681271E+03  -0.117808441E+05
   0.968956854E+00  -0.161718752E+01  -0.305546921E+03  -0.152550906E+05
   0.966549566E+00  -0.203480335E+01  -0.327866313E+03  -0.185203442E+05
   0.963570299E+00  -0.248465766E+01  -0.354332486E+03  -0.215299964E+05
   0.959972984E+00  -0.297198908E+01  -0.384578875E+03  -0.242404436E+05
   0.955704970E+00  -0.350151530E+01  -0.418183634E+03  -0.266116254E+05
   0.950707763E+00  -0.407736338E+01  -0.454674646E+03  -0.286075207E+05
   0.944917845E+00  -0.470300701E+01  -0.493535159E+03  -0.301965963E+05
   0.938267574E+00  -0.538121162E+01  -0.534209973E+03  -0.313522017E+05
   0.930686150E+00  -0.611398798E+01  -0.576112122E+03  -0.320529055E+05
   0.922100639E+00  -0.690255490E+01  -0.618629944E+03  -0.322827695E+05
   0.912437036E+00  -0.774731147E+01  -0.661134481E+03  -0.320315558E+05
   0.901621361E+00  -0.864781927E+01  -0.702987103E+03  -0.312948650E+05
   0.889580770E+00  -0.960279468E+01  -0.743547265E+03  -0.300742043E+05
   0.876244670E+00  -0.106101115E+02  -0.782180316E+03  -0.283769832E+05
   0.861545826E+00  -0.116668139E+02  -0.818265240E+03  -0.262164374E+05
   0.845421438E+00  -0.127691394E+02  -0.851202266E+03  -0.236114826E+05
   0.827814191E+00  -0.139125519E+02  -0.880420226E+03  -0.205864981E+05
   0.808673243E+00  -0.150917840E+02  -0.905383592E+03  -0.171710448E+05
   0.787955162E+00  -0.163008885E+02  -0.925599090E+03  -0.133995195E+05
   0.765624783E+00  -0.175332984E+02  -0.940621831E+03  -0.931075115E+04
   0.741655982E+00  -0.187818944E+02  -0.950060857E+03  -0.494754234E+04
   0.716032359E+00  -0.200390794E+02  -0.953584065E+03  -0.356163481E+03
   0.688747812E+00  -0.212968591E+02  -0.950922421E+03   0.441419541E+04
   0.659807010E+00  -0.225469276E+02  -0.941873436E+03   0.931200794E+04
   0.629225741E+00  -0.237807571E+02  -0.926303852E+03   0.142840226E+05
   0.597031148E+00  -0.249896908E+02  -0.904151498E+03   0.192758945E+05
   0.563261834E+00  -0.261650373E+02  -0.875426313E+03   0.242328296E+05
   0.527967848E+00  -0.272981659E+02  -0.840210512E+03   0.291002343E+05
   0.491210538E+00  -0.283806020E+02  -0.798657890E+03   0.338243613E+05
   0.453062285E+00  -0.294041205E+02  -0.750992285E+03   0.383529451E+05
   0.413606116E+00  -0.303608365E+02  -0.697505216E+03   0.426358182E+05
   0.372935189E+00  -0.312432931E+02  -0.638552716E+03   0.466255018E+05
   0.331152183E+00  -0.320445440E+02  -0.574551411E+03   0.502777632E+05
   0.288368565E+00  -0.327582301E+02  -0.505973893E+03   0.535521329E+05
   0.244703768E+00  -0.333786505E+02  -0.433343430E+03   0.564123766E+05
   0.200284286E+00  -0.339008251E+02  -0.357228094E+03   0.588269146E+05
   0.155242675E+00  -0.343205500E+02  -0.278234372E+03   0.607691860E+05
   0.109716509E+00  -0.346344434E+02  -0.197000331E+03   0.622179514E+05
   0.638472560E-01  -0.348399828E+02  -0.114188428E+03   0.631575319E+05
   0.177791366E-01  -0.349355323E+02  -0.304780499E+02   0.635779821E+05
  -0.283420668E-01  -0.349203597E+02   0.534421325E+02   0.634751937E+05
  -0.743702058E-01  -0.347946439E+02   0.136881902E+03   0.628509309E+05
  -0.120159968E+00  -0.345594718E+02   0.219157229E+03   0.617127953E+05
  -0.165568070E+00  -0.342168247E+02   0.299597922E+03   0.600741227E+05
  -0.210454419E+00  -0.337695557E+02   0.377555087E+03   0.579538131E+05
  -0.254683249E+00  -0.332213565E+02   0.452408328E+03   0.553760950E+05
  -0.298124198E+00  -0.325767148E+02   0.523572589E+03   0.523702286E+05
  -0.340653327E+00  -0.318408642E+02   0.590504572E+03   0.489701512E+05
  -0.382154062E+00  -0.310197245E+02   0.652708645E+03   0.452140686E+05
  -0.422518066E+00  -0.301198353E+02   0.709742179E+03   0.411439992E+05
  -0.461646001E+00  -0.291482830E+02   0.761220262E+03   0.368052743E+05
  -0.499448203E+00  -0.281126217E+02   0.806819717E+03   0.322460030E+05
  -0.535845242E+00  -0.270207897E+02   0.846282398E+03   0.275165058E+05
  -0.570768374E+00  -0.258810216E+02   0.879417728E+03   0.226687257E+05
  -0.604159872E+00  -0.247017579E+02   0.906104439E+03   0.177556229E+05
  -0.635973235E+00  -0.234915529E+02   0.926291508E+03   0.128305603E+05
  -0.666173280E+00  -0.222589821E+02   0.939998286E+03   0.794668638E+04
  -0.694736108E+00  -0.210125488E+02   0.947313807E+03   0.315632454E+04
  -0.721648947E+00  -0.197605940E+02   0.948395304E+03  -0.148962638E+04
  -0.746909880E+00  -0.185112071E+02   0.943465941E+03  -0.594227192E+04
  -0.770527455E+00  -0.172721410E+02   0.932811799E+03  -0.101552763E+05
  -0.792520189E+00  -0.160507316E+02   0.916778150E+03  -0.140853845E+05
  -0.812915967E+00  -0.148538220E+02   0.895765066E+03  -0.176929069E+05
  -0.831751343E+00  -0.136876940E+02   0.870222413E+03  -0.209421609E+05
  -0.849070758E+00  -0.125580056E+02   0.840644302E+03  -0.238018634E+05
  -0.864925681E+00  -0.114697365E+02   0.807563042E+03  -0.262454730E+05
  -0.879373681E+00  -0.104271421E+02   0.771542695E+03  -0.282514744E+05
  -0.892477447E+00  -0.943371589E+01   0.733172276E+03  -0.298036056E+05
  -0.904303757E+00  -0.849216128E+01   0.693058709E+03  -0.308910228E+05
  -0.914922430E+00  -0.760437251E+01   0.651819594E+03  -0.315084035E+05
  -0.924405242E+00  -0.677142554E+01   0.610075891E+03  -0.316559854E+05
  -0.932824851E+00  -0.599357841E+01   0.568444584E+03  -0.313395423E+05
  -0.940253720E+00  -0.527028127E+01   0.527531425E+03  -0.305702963E+05
  -0.946763065E+00  -0.460019595E+01   0.487923836E+03  -0.293647689E+05
  -0.952421827E+00  -0.398122471E+01   0.450184040E+03  -0.277445711E+05
  -0.957295700E+00  -0.341054785E+01   0.414842519E+03  -0.257361376E+05
  -0.961446202E+00  -0.288466973E+01   0.382391843E+03  -0.233704059E+05
  -0.964929819E+00  -0.239947268E+01   0.353280974E+03  -0.206824454E+05
  -0.967797226E+00  -0.195027799E+01   0.327910076E+03  -0.177110413E+05
  -0.970092586E+00  -0.153191345E+01   0.306625908E+03  -0.144982363E+05
  -0.971852950E+00  -0.113878660E+01   0.289717849E+03  -0.110888372E+05
  -0.973107750E+00  -0.764962668E+00   0.277414589E+03  -0.752989134E+04
  -0.973878403E+00  -0.404246517E+00   0.269881532E+03  -0.387013834E+04
  -0.974178022E+00  -0.502675001E-01   0.267218934E+03  -0.159444177E+03
  -0.974011243E+00   0.303433728E+00   0.269460793E+03   0.355177669E+04
  -0.973374164E+00   0.663317435E+00   0.276574517E+03   0.721314441E+04
  -0.972254401E+00   0.103575710E+01   0.288461346E+03   0.107748956E+05
  -0.970631263E+00   0.142695277E+01   0.304957552E+03   0.141884575E+05
  -0.968476035E+00   0.184284649E+01   0.325836379E+03   0.174070079E+05
  -0.965752373E+00   0.228904080E+01   0.350810716E+03   0.203860154E+05
  -0.962416804E+00   0.277072120E+01   0.379536458E+03   0.230837524E+05
  -0.958419325E+00   0.329258346E+01   0.411616534E+03   0.254617771E+05
  -0.953704094E+00   0.385876676E+01   0.446605543E+03   0.274853778E+05
  -0.948210206E+00   0.447279322E+01   0.484014942E+03   0.291239750E+05
  -0.941872545E+00   0.513751463E+01   0.523318749E+03   0.303514773E+05
  -0.934622695E+00   0.585506709E+01   0.563959668E+03   0.311465859E+05
  -0.926389917E+00   0.662683388E+01   0.605355594E+03   0.314930463E+05
  -0.917102155E+00   0.745341718E+01   0.646906401E+03   0.313798421E+05
  -0.906687089E+00   0.833461888E+01   0.688000956E+03   0.308013304E+05
  -0.895073190E+00   0.926943079E+01   0.728024270E+03   0.297573166E+05
  -0.882190799E+00   0.102560343E+02   0.766364701E+03   0.282530678E+05
  -0.867973188E+00   0.112918093E+02   0.802421143E+03   0.262992644E+05
  -0.852357604E+00   0.123733535E+02   0.835610108E+03   0.239118906E+05
  -0.835286290E+00   0.134965092E+02   0.865372616E+03   0.211120647E+05
  -0.816707456E+00   0.146564010E+02   0.891180835E+03   0.179258112E+05
  -0.796576196E+00   0.158474807E+02   0.912544372E+03   0.143837772E+05
  -0.774855345E+00   0.170635805E+02   0.929016162E+03   0.105208952E+05
  -0.751516256E+00   0.182979742E+02   0.940197872E+03   0.637599794E+04
  -0.726539491E+00   0.195434446E+02   0.945744775E+03   0.199138672E+04
  -0.699915425E+00   0.207923571E+02   0.945370017E+03  -0.258763921E+04
  -0.671644746E+00   0.220367389E+02   0.938848247E+03  -0.731328926E+04
  -0.641738841E+00   0.232683616E+02   0.926018555E+03  -0.121358174E+05
  -0.610220083E+00   0.244788284E+02   0.906786684E+03  -0.170040817E+05
  -0.577121991E+00   0.256596629E+02   0.881126498E+03  -0.218661211E+05
  -0.542489277E+00   0.268023996E+02   0.849080670E+03  -0.266697437E+05
  -0.506377772E+00   0.278986746E+02   0.810760601E+03  -0.313631187E+05
  -0.468854230E+00   0.289403161E+02   0.766345552E+03  -0.358953664E+05
  -0.429996019E+00   0.299194329E+02   0.716081002E+03  -0.402171392E+05
  -0.389890691E+00   0.308285003E+02   0.660276252E+03  -0.442811869E+05
  -0.348635442E+00   0.316604423E+02   0.599301294E+03  -0.480428997E+05
  -0.306336473E+00   0.324087092E+02   0.533582982E+03  -0.514608233E+05
  -0.263108242E+00   0.330673503E+02   0.463600546E+03  -0.544971390E+05
  -0.219072632E+00   0.336310789E+02   0.389880497E+03  -0.571181043E+05
  -0.174358033E+00   0.340953317E+02   0.312990979E+03  -0.592944480E+05
  -0.129098355E+00   0.344563195E+02   0.233535633E+03  -0.610017155E+05
  -0.834319712E-01   0.347110699E+02   0.152147042E+03  -0.622205603E+05
  -0.375006252E-01   0.348574608E+02   0.694798245E+02  -0.629369770E+05
   0.855171554E-02   0.348942449E+02  -0.137965377E+02  -0.631424747E+05
   0.545800228E-01   0.348210645E+02  -0.970050562E+02  -0.628341871E+05
   0.100439386E+00   0.346384565E+02  -0.179468700E+03  -0.620149177E+05
   0.145986193E+00   0.343478474E+02  -0.260517876E+03  -0.606931209E+05
   0.191079293E+00   0.339515387E+02  -0.339497835E+03  -0.588828170E+05
   0.235581139E+00   0.334526823E+02  -0.415775937E+03  -0.566034426E+05
   0.279358887E+00   0.328552470E+02  -0.488748657E+03  -0.538796384E+05
   0.322285450E+00   0.321639753E+02  -0.557848289E+03  -0.507409762E+05
   0.364240484E+00   0.313843320E+02  -0.622549241E+03  -0.472216270E+05
   0.405111302E+00   0.305224448E+02  -0.682373858E+03  -0.433599758E+05
   0.444793709E+00   0.295850372E+02  -0.736897699E+03  -0.391981858E+05
   0.483192739E+00   0.285793555E+02  -0.785754219E+03  -0.347817175E+05
   0.520223294E+00   0.275130893E+02  -0.828638776E+03  -0.301588085E+05
   0.555810673E+00   0.263942877E+02  -0.865311936E+03  -0.253799188E+05
   0.589890990E+00   0.252312712E+02  -0.895602031E+03  -0.204971496E+05
   0.622411473E+00   0.240325415E+02  -0.919406920E+03  -0.155636407E+05
   0.653330641E+00   0.228066885E+02  -0.936694964E+03  -0.106329551E+05
   0.682618362E+00   0.215622971E+02  -0.947505170E+03  -0.575845676E+04
   0.710255779E+00   0.203078545E+02  -0.951946517E+03  -0.992689147E+03
   0.736235128E+00   0.190516588E+02  -0.950196470E+03   0.361323716E+04
   0.760559422E+00   0.178017295E+02  -0.942498689E+03   0.801024186E+04
   0.783242032E+00   0.165657227E+02  -0.929159970E+03   0.121518493E+05
   0.804306151E+00   0.153508496E+02  -0.910546440E+03   0.159947332E+05
   0.823784155E+00   0.141638016E+02  -0.887079062E+03   0.194992251E+05
   0.841716872E+00   0.130106808E+02  -0.859228493E+03   0.226297805E+05
   0.858152764E+00   0.118969383E+02  -0.827509357E+03   0.253553968E+05
   0.873147027E+00   0.108273203E+02  -0.792474005E+03   0.276499781E+05
   0.886760634E+00   0.980582261E+01  -0.754705825E+03   0.294926423E+05
   0.899059314E+00   0.883565418E+01  -0.714812193E+03   0.308679665E+05
   0.910112501E+00   0.791921038E+01  -0.673417138E+03   0.317661683E+05
   0.919992242E+00   0.705805594E+01  -0.631153814E+03   0.321832197E+05
   0.928772098E+00   0.625291792E+01  -0.588656865E+03   0.321208924E+05
   0.936526037E+00   0.550368880E+01  -0.546554778E+03   0.315867349E+05
   0.943327342E+00   0.480943961E+01  -0.505462306E+03   0.305939796E+05
   0.949247538E+00   0.416844300E+01  -0.465973069E+03   0.291613829E+05
   0.954355363E+00   0.357820586E+01  -0.428652403E+03   0.273129981E+05
   0.958715777E+00   0.303551120E+01  -0.394030546E+03   0.250778859E+05
   0.962389047E+00   0.253646878E+01  -0.362596260E+03   0.224897640E+05
   0.965429889E+00   0.207657376E+01  -0.334790942E+03   0.195866011E+05
   0.967886702E+00   0.165077282E+01  -0.311003308E+03   0.164101597E+05
   0.969800894E+00   0.125353690E+01  -0.291564712E+03   0.130054932E+05
   0.971206302E+00   0.878939594E+00  -0.276745158E+03   0.942040353E+04
   0.972128722E+00   0.520740378E+00  -0.266750047E+03   0.570486525E+04
   0.972585551E+00   0.172471632E+00  -0.261717701E+03   0.191042407E+04
   0.972585551E+00  -0.172471632E+00  -0.261717701E+03  -0.191042407E+04
   0.972128722E+00  -0.520740378E+00  -0.266750047E+03  -0.570486525E+04
   0.971206302E+00  -0.878939594E+00  -0.276745158E+03  -0.942040353E+04
   0.969800894E+00  -0.125353690E+01  -0.291564712E+03  -0.130054932E+05
   0.967886702E+00  -0.165077282E+01  -0.311003308E+03  -0.164101597E+05
   0.965429889E+00  -0.207657376E+01  -0.334790942E+03  -0.195866011E+05
   0.962389047E+00  -0.253646878E+01  -0.362596260E+03  -0.224897640E+05
   0.958715777E+00  -0.303551120E+01  -0.394030546E+03  -0.250778859E+05
   0.954355363E+00  -0.357820586E+01  -0.428652403E+03  -0.273129981E+05
   0.949247538E+00  -0.416844300E+01  -0.465973069E+03  -0.291613829E+05
   0.943327342E+00  -0.480943961E+01  -0.505462306E+03  -0.305939796E+05
   0.936526037E+00  -0.550368880E+01  -0.546554778E+03  -0.315867349E+05
   0.928772098E+00  -0.625291792E+01  -0.588656865E+03  -0.321208924E+05
   0.919992242E+00  -0.705805594E+01  -0.631153814E+03  -0.321832197E+05
   0.910112501E+00  -0.791921038E+01  -0.673417138E+03  -0.317661683E+05
   0.899059314E+00  -0.883565418E+01  -0.714812193E+03  -0.308679665E+05
   0.886760634E+00  -0.980582261E+01  -0.754705825E+03  -0.294926423E+05
   0.873147027E+00  -0.108273203E+02  -0.792474005E+03  -0.276499781E+05
   0.858152764E+00  -0.118969383E+02  -0.827509357E+03  -0.253553968E+05
   0.841716872E+00  -0.130106808E+02  -0.859228493E+03  -0.226297805E+05
   0.823784155E+00  -0.141638016E+02  -0.887079062E+03  -0.194992251E+05
   0.804306151E+00  -0.153508496E+02  -0.910546440E+03  -0.159947332E+05
   0.783242032E+00  -0.165657227E+02  -0.929159970E+03  -0.121518493E+05
   0.760559422E+00  -0.178017295E+02  -0.942498689E+03  -0.801024186E+04
   0.736235128E+00  -0.190516588E+02  -0.950196470E+03  -0.361323716E+04
   0.710255779E+00  -0.203078545E+02  -0.951946517E+03   0.992689147E+03
   0.682618362E+00  -0.215622971E+02  -0.947505170E+03   0.575845676E+04
   0.653330641E+00  -0.228066885E+02  -0.936694964E+03   0.106329551E+05
   0.622411473E+00  -0.240325415E+02  -0.919406920E+03   0.155636407E+05
   0.589890990E+00  -0.252312712E+02  -0.895602031E+03   0.204971496E+05
   0.555810673E+00  -0.263942877E+02  -0.865311936E+03   0.253799188E+05
   0.520223294E+00  -0.275130893E+02  -0.828638776E+03   0.301588085E+05
   0.483192739E+00  -0.285793555E+02  -0.785754219E+03   0.347817175E+05
   0.444793709E+00  -0.295850372E+02  -0.736897699E+03   0.391981858E+05
   0.405111302E+00  -0.305224448E+02  -0.682373858E+03   0.433599758E+05
   0.364240484E+00  -0.313843320E+02  -0.622549241E+03   0.472216270E+05
   0.322285450E+00  -0.321639753E+02  -0.557848289E+03   0.507409762E+05
   0.279358887E+00  -0.328552470E+02  -0.488748657E+03   0.538796384E+05
   0.235581139E+00  -0.334526823E+02  -0.415775937E+03   0.566034426E+05
   0.191079293E+00  -0.339515387E+02  -0.339497835E+03   0.588828170E+05
   0.145986193E+00  -0.343478474E+02  -0.260517876E+03   0.606931209E+05
   0.100439386E+00  -0.346384565E+02  -0.179468700E+03   0.620149177E+05
   0.545800228E-01  -0.348210645E+02  -0.970050562E+02   0.628341871E+05
   0.855171554E-02  -0.348942449E+02  -0.137965377E+02   0.631424747E+05
  -0.375006252E-01  -0.348574608E+02   0.694798245E+02   0.629369770E+05
  -0.834319712E-01  -0.347110699E+02   0.152147042E+03   0.622205603E+05
  -0.129098355E+00  -0.344563195E+02   0.233535633E+03   0.610017155E+05
  -0.174358033E+00  -0.340953317E+02   0.312990979E+03   0.592944480E+05
  -0.219072632E+00  -0.336310789E+02   0.389880497E+03   0.571181043E+05
  -0.263108242E+00  -0.330673503E+02   0.463600546E+03   0.544971390E+05
  -0.306336473E+00  -0.324087092E+02   0.533582982E+03   0.514608233E+05
  -0.348635442E+00  -0.316604423E+02   0.599301294E+03   0.480428997E+05
  -0.389890691E+00  -0.308285003E+02   0.660276252E+03   0.442811869E+05
  -0.429996019E+00  -0.299194329E+02   0.716081002E+03   0.402171392E+05
  -0.468854230E+00  -0.289403161E+02   0.766345552E+03   0.358953664E+05
  -0.506377772E+00  -0.278986746E+02   0.810760601E+03   0.313631187E+05
  -0.542489277E+00  -0.268023996E+02   0.849080670E+03   0.266697437E+05
  -0.577121991E+00  -0.256596629E+02   0.881126498E+03   0.218661211E+05
  -0.610220083E+00  -0.244788284E+02   0.906786684E+03   0.170040817E+05
  -0.641738841E+00  -0.232683616E+02   0.926018555E+03   0.121358174E+05
  -0.671644746E+00  -0.220367389E+02   0.938848247E+03   0.731328926E+04
  -0.699915425E+00  -0.207923571E+02   0.945370017E+03   0.258763921E+04
  -0.726539491E+00  -0.195434446E+02   0.945744775E+03  -0.199138672E+04
  -0.751516256E+00  -0.182979742E+02   0.940197872E+03  -0.637599794E+04
  -0.774855345E+00  -0.170635805E+02   0.929016162E+03  -0.105208952E+05
  -0.796576196E+00  -0.158474807E+02   0.912544372E+03  -0.143837772E+05
  -0.816707456E+00  -0.146564010E+02   0.891180835E+03  -0.179258112E+05
  -0.835286290E+00  -0.134965092E+02   0.865372616E+03  -0.211120647E+05
  -0.852357604E+00  -0.123733535E+02   0.835610108E+03  -0.239118906E+05
  -0.867973188E+00  -0.112918093E+02   0.802421143E+03  -0.262992644E+05
  -0.882190799E+00  -0.102560343E+02   0.766364701E+03  -0.282530678E+05
  -0.895073190E+00  -0.926943079E+01   0.728024270E+03  -0.297573166E+05
  -0.906687089E+00  -0.833461888E+01   0.688000956E+03  -0.308013304E+05
  -0.917102155E+00  -0.745341718E+01   0.646906401E+03  -0.313798421E+05
  -0.926389917E+00  -0.662683388E+01   0.605355594E+03  -0.314930463E+05
  -0.934622695E+00  -0.585506709E+01   0.563959668E+03  -0.311465859E+05
  -0.941872545E+00  -0.513751463E+01   0.523318749E+03  -0.303514773E+05
  -0.948210206E+00  -0.447279322E+01   0.484014942E+03  -0.291239750E+05
  -0.953704094E+00  -0.385876676E+01   0.446605543E+03  -0.274853778E+05
  -0.958419325E+00  -0.329258346E+01   0.411616534E+03  -0.254617771E+05
  -0.962416804E+00  -0.277072120E+01   0.379536458E+03  -0.230837524E+05
  -0.965752373E+00  -0.228904080E+01   0.350810716E+03  -0.203860154E+05
  -0.968476035E+00  -0.184284649E+01   0.325836379E+03  -0.174070079E+05
  -0.970631263E+00  -0.142695277E+01   0.304957552E+03  -0.141884575E+05
  -0.972254401E+00  -0.103575710E+01   0.288461346E+03  -0.107748956E+05
  -0.973374164E+00  -0.663317435E+00   0.276574517E+03  -0.721314441E+04
  -0.974011243E+00  -0.303433728E+00   0.269460793E+03  -0.355177669E+04
  -0.974178022E+00   0.502675001E-01   0.267218934E+03   0.159444177E+03
  -0.973878403E+00   0.404246517E+00   0.269881532E+03   0.387013834E+04
  -0.973107750E+00   0.764962668E+00   0.277414589E+03   0.752989134E+04
  -0.971852950E+00   0.113878660E+01   0.289717849E+03   0.110888372E+05
  -0.970092586E+00   0.153191345E+01   0.306625908E+03   0.144982363E+05
  -0.967797226E+00   0.195027799E+01   0.327910076E+03   0.177110413E+05
  -0.964929819E+00   0.239947268E+01   0.353280974E+03   0.206824454E+05
  -0.961446202E+00   0.288466973E+01   0.382391843E+03   0.233704059E+05
  -0.957295700E+00   0.341054785E+01   0.414842519E+03   0.257361376E+05
  -0.952421827E+00   0.398122471E+01   0.450184040E+03   0.277445711E+05
  -0.946763065E+00   0.460019595E+01   0.487923836E+03   0.293647689E+05
  -0.940253720E+00   0.527028127E+01   0.527531425E+03   0.305702963E+05
  -0.932824851E+00   0.599357841E+01   0.568444584E+03   0.313395423E+05
  -0.924405242E+00   0.677142554E+01   0.610075891E+03   0.316559854E+05
  -0.914922430E+00   0.760437251E+01   0.651819594E+03   0.315084035E+05
  -0.904303757E+00   0.849216128E+01   0.693058709E+03   0.308910228E+05
  -0.892477447E+00   0.943371589E+01   0.733172276E+03   0.298036056E+05
  -0.879373681E+00   0.104271421E+02   0.771542695E+03   0.282514744E+05
  -0.864925681E+00   0.114697365E+02   0.807563042E+03   0.262454730E+05
  -0.849070758E+00   0.125580056E+02   0.840644302E+03   0.238018634E+05
  -0.831751343E+00   0.136876940E+02   0.870222413E+03   0.209421609E+05
  -0.812915967E+00   0.148538220E+02   0.895765066E+03   0.176929069E+05
  -0.792520189E+00   0.160507316E+02   0.916778150E+03   0.140853845E+05
  -0.770527455E+00   0.172721410E+02   0.932811799E+03   0.101552763E+05
  -0.746909880E+00   0.185112071E+02   0.943465941E+03   0.594227192E+04
  -0.721648947E+00   0.197605940E+02   0.948395304E+03   0.148962638E+04
  -0.694736108E+00   0.210125488E+02   0.947313807E+03  -0.315632454E+04
  -0.666173280E+00   0.222589821E+02   0.939998286E+03  -0.794668638E+04
  -0.635973235E+00   0.234915529E+02   0.926291508E+03  -0.128305603E+05
  -0.604159872E+00   0.247017579E+02   0.906104439E+03  -0.177556229E+05
  -0.570768374E+00   0.258810216E+02   0.879417728E+03  -0.226687257E+05
  -0.535845242E+00   0.270207897E+02   0.846282398E+03  -0.275165058E+05
  -0.499448203E+00   0.281126217E+02   0.806819717E+03  -0.322460030E+05
  -0.461646001E+00   0.291482830E+02   0.761220262E+03  -0.368052743E+05
  -0.422518066E+00   0.301198353E+02   0.709742179E+03  -0.411439992E+05
  -0.382154062E+00   0.310197245E+02   0.652708645E+03  -0.452140686E+05
  -0.340653327E+00   0.318408642E+02   0.590504572E+03  -0.489701512E+05
  -0.298124198E+00   0.325767148E+02   0.523572589E+03  -0.523702286E+05
  -0.254683249E+00   0.332213565E+02   0.452408328E+03  -0.553760950E+05
  -0.210454419E+00   0.337695557E+02   0.377555087E+03  -0.579538131E+05
  -0.165568070E+00   0.342168247E+02   0.299597922E+03  -0.600741227E+05
  -0.120159968E+00   0.345594718E+02   0.219157229E+03  -0.617127953E+05
  -0.743702058E-01   0.347946439E+02   0.136881902E+03  -0.628509309E+05
  -0.283420668E-01   0.349203597E+02   0.534421325E+02  -0.634751937E+05
   0.177791366E-01   0.349355323E+02  -0.304780499E+02  -0.635779821E+05
   0.638472560E-01   0.348399828E+02  -0.114188428E+03  -0.631575319E+05
   0.109716509E+00   0.346344434E+02  -0.197000331E+03  -0.622179514E+05
   0.155242675E+00   0.343205500E+02  -0.278234372E+03  -0.607691860E+05
   0.200284286E+00   0.339008251E+02  -0.357228094E+03  -0.588269146E+05
   0.244703768E+00   0.333786505E+02  -0.433343430E+03  -0.564123766E+05
   0.288368565E+00   0.327582301E+02  -0.505973893E+03  -0.535521329E+05
   0.331152183E+00   0.320445440E+02  -0.574551411E+03  -0.502777632E+05
   0.372935189E+00   0.312432931E+02  -0.638552716E+03  -0.466255018E+05
   0.413606116E+00   0.303608365E+02  -0.697505216E+03  -0.426358182E+05
   0.453062285E+00   0.294041205E+02  -0.750992285E+03  -0.383529451E+05
   0.491210538E+00   0.283806020E+02  -0.798657890E+03  -0.338243613E+05
   0.527967848E+00   0.272981659E+02  -0.840210512E+03  -0.291002343E+05
   0.563261834E+00   0.261650373E+02  -0.875426313E+03  -0.242328296E+05
   0.597031148E+00   0.249896908E+02  -0.904151498E+03  -0.192758945E+05
   0.629225741E+00   0.237807571E+02  -0.926303852E+03  -0.142840226E+05
   0.659807010E+00   0.225469276E+02  -0.941873436E+03  -0.931200794E+04
   0.688747812E+00   0.212968591E+02  -0.950922421E+03  -0.441419541E+04
   0.716032359E+00   0.200390794E+02  -0.953584065E+03   0.356163481E+03
   0.741655982E+00   0.187818944E+02  -0.950060857E+03   0.494754234E+04
   0.765624783E+00   0.175332984E+02  -0.940621831E+03   0.931075115E+04
   0.787955162E+00   0.163008885E+02  -0.925599090E+03   0.133995195E+05
   0.808673243E+00   0.150917840E+02  -0.905383592E+03   0.171710448E+05
   0.827814191E+00   0.139125519E+02  -0.880420226E+03   0.205864981E+05
   0.845421438E+00   0.127691394E+02  -0.851202266E+03   0.236114826E+05
   0.861545826E+00   0.116668139E+02  -0.818265240E+03   0.262164374E+05
   0.876244670E+00   0.106101115E+02  -0.782180316E+03   0.283769832E+05
   0.889580770E+00   0.960279468E+01  -0.743547265E+03   0.300742043E+05
   0.901621361E+00   0.864781927E+01  -0.702987103E+03   0.312948650E+05
   0.912437036E+00   0.774731147E+01  -0.661134481E+03   0.320315558E+05
   0.922100639E+00   0.690255490E+01  -0.618629944E+03   0.322827695E+05
   0.930686150E+00   0.611398798E+01  -0.576112122E+03   0.320529055E+05
   0.938267574E+00   0.538121162E+01  -0.534209973E+03   0.313522017E+05
   0.944917845E+00   0.470300701E+01  -0.493535159E+03   0.301965963E+05
   0.950707763E+00   0.407736338E+01  -0.454674646E+03   0.286075207E+05
   0.955704970E+00   0.350151530E+01  -0.418183634E+03   0.266116254E+05
   0.959972984E+00   0.297198908E+01  -0.384578875E+03   0.242404436E+05
   0.963570299E+00   0.248465766E+01  -0.354332486E+03   0.215299964E+05
   0.966549566E+00   0.203480335E+01  -0.327866313E+03   0.185203442E+05
   0.968956854E+00   0.161718752E+01  -0.305546921E+03   0.152550906E+05
   0.970831014E+00   0.122612655E+01  -0.287681271E+03   0.117808441E+05
   0.972203146E+00   0.855572950E+00  -0.274513122E+03   0.814664578E+04
   0.973096172E+00   0.499200757E+00  -0.266220218E+03   0.440336864E+04
   0.973524528E+00   0.150494087E+00  -0.262912277E+03   0.603096906E+03
   0.973493974E+00  -0.197162188E+00  -0.264629805E+03  -0.320150716E+04
   0.973001520E+00  -0.550390753E+00  -0.271343761E+03  -0.695784134E+04
   0.972035480E+00  -0.915730272E+00  -0.282956049E+03  -0.106139984E+05
   0.970575642E+00  -0.129954502E+01  -0.299300853E+03  -0.141193902E+05
   0.968593555E+00  -0.170793682E+01  -0.320146781E+03  -0.174253538E+05
   0.966052932E+00  -0.214666030E+01  -0.345199791E+03  -0.204857315E+05
   0.962910166E+00  -0.262104256E+01  -0.374106864E+03  -0.232574185E+05
   0.959114938E+00  -0.313590810E+01  -0.406460376E+03  -0.257008721E+05
   0.954610932E+00  -0.369551000E+01  -0.441803108E+03  -0.277805748E+05
   0.949336630E+00  -0.430346805E+01  -0.479633845E+03  -0.294654487E+05
   0.943226180E+00  -0.496271470E+01  -0.519413474E+03  -0.307292138E+05
   0.936210342E+00  -0.567544925E+01  -0.560571525E+03  -0.315506880E+05
   0.928217476E+00  -0.644310098E+01  -0.602513064E+03  -0.319140245E+05
   0.919174578E+00  -0.726630158E+01  -0.644625859E+03  -0.318088857E+05
   0.909008348E+00  -0.814486714E+01  -0.686287729E+03  -0.312305501E+05
   0.897646273E+00  -0.907778993E+01  -0.726873993E+03  -0.301799525E+05
   0.885017713E+00  -0.100632400E+02  -0.765764927E+03  -0.286636577E+05
   0.871054979E+00  -0.110985767E+02  -0.802353142E+03  -0.266937679E+05
   0.855694395E+00  -0.121803695E+02  -0.836050797E+03  -0.242877656E+05
   0.838877316E+00  -0.133044288E+02  -0.866296566E+03  -0.214682948E+05
   0.820551111E+00  -0.144658451E+02  -0.892562271E+03  -0.182628830E+05
   0.800670076E+00  -0.156590369E+02  -0.914359117E+03  -0.147036080E+05
   0.779196291E+00  -0.168778067E+02  -0.931243450E+03  -0.108267142E+05
   0.756100387E+00  -0.181154041E+02  -0.942821980E+03  -0.667218231E+04
   0.731362237E+00  -0.193645950E+02  -0.948756406E+03  -0.228325945E+04
   0.704971538E+00  -0.206177376E+02  -0.948767396E+03   0.229404630E+04
   0.676928304E+00  -0.218668621E+02  -0.942637887E+03   0.701149941E+04
   0.647243237E+00  -0.231037543E+02  -0.930215656E+03   0.118191929E+05
   0.615937999E+00  -0.243200435E+02  -0.911415154E+03   0.166661198E+05
   0.583045357E+00  -0.255072901E+02  -0.886218573E+03   0.215007537E+05
   0.548609213E+00  -0.266570764E+02  -0.854676149E+03   0.262716318E+05
   0.512684520E+00  -0.277610955E+02  -0.816905694E+03   0.309279332E+05
   0.475337074E+00  -0.288112400E+02  -0.773091374E+03   0.354200469E+05
   0.436643195E+00  -0.297996883E+02  -0.723481742E+03   0.397001229E+05
   0.396689292E+00  -0.307189882E+02  -0.668387066E+03   0.437225997E+05
   0.355571327E+00  -0.315621358E+02  -0.608175973E+03   0.474447039E+05
   0.313394168E+00  -0.323226504E+02  -0.543271459E+03   0.508269154E+05
   0.270270857E+00  -0.329946429E+02  -0.474146306E+03   0.538333941E+05
   0.226321783E+00  -0.335728785E+02  -0.401317966E+03   0.564323641E+05
   0.181673785E+00  -0.340528320E+02  -0.325342969E+03   0.585964499E+05
   0.136459180E+00  -0.344307352E+02  -0.246810918E+03   0.603029639E+05
   0.908147364E-01  -0.347036168E+02  -0.166338140E+03   0.615341404E+05
   0.448806028E-01  -0.348693331E+02  -0.845610672E+02   0.622773150E+05
  -0.120080129E-02  -0.349265899E+02  -0.212940832E+01   0.625250477E+05
  -0.472859165E-01  -0.348749559E+02   0.803007917E+02   0.622751889E+05
  -0.932311860E-01  -0.347148660E+02   0.162074151E+03   0.615308882E+05
  -0.138894197E+00  -0.344476161E+02   0.242542919E+03   0.603005458E+05
  -0.184134806E+00  -0.340753484E+02   0.321073847E+03   0.585977082E+05
  -0.228816247E+00  -0.336010278E+02   0.397054880E+03   0.564409083E+05
  -0.272806192E+00  -0.330284095E+02   0.469901607E+03   0.538534541E+05
  -0.315977768E+00  -0.323619986E+02   0.539063397E+03   0.508631661E+05
  -0.358210522E+00  -0.316070018E+02   0.604029154E+03   0.475020683E+05
  -0.399391305E+00  -0.307692713E+02   0.664332643E+03   0.438060343E+05
  -0.439415085E+00  -0.298552424E+02   0.719557311E+03   0.398143952E+05
  -0.478185675E+00  -0.288718653E+02   0.769340576E+03   0.355695097E+05
  -0.515616361E+00  -0.278265310E+02   0.813377520E+03   0.311163046E+05
  -0.551630435E+00  -0.267269934E+02   0.851423964E+03   0.265017877E+05
  -0.586161619E+00  -0.255812873E+02   0.883298879E+03   0.217745396E+05
  -0.619154381E+00  -0.243976435E+02   0.908886118E+03   0.169841893E+05
  -0.650564137E+00  -0.231844031E+02   0.928135448E+03   0.121808789E+05
  -0.680357340E+00  -0.219499295E+02   0.941062873E+03   0.741472196E+04
  -0.708511447E+00  -0.207025216E+02   0.947750233E+03   0.273526302E+04
  -0.735014785E+00  -0.194503273E+02   0.948344103E+03  -0.180905851E+04
  -0.759866287E+00  -0.182012592E+02   0.943053986E+03  -0.617143311E+04
  -0.783075133E+00  -0.169629133E+02   0.932149821E+03  -0.103071899E+05
  -0.804660279E+00  -0.157424907E+02   0.915958837E+03  -0.141742840E+05
  -0.824649885E+00  -0.145467251E+02   0.894861780E+03  -0.177337574E+05
  -0.843080656E+00  -0.133818146E+02   0.869288546E+03  -0.209501691E+05
  -0.859997088E+00  -0.122533596E+02   0.839713282E+03  -0.237919887E+05
  -0.875450650E+00  -0.111663089E+02   0.806648976E+03  -0.262319508E+05
  -0.889498882E+00  -0.101249112E+02   0.770641624E+03  -0.282473650E+05
  -0.902204452E+00  -0.913267629E+01   0.732264007E+03  -0.298203793E+05
  -0.913634155E+00  -0.819234352E+01   0.692109161E+03  -0.309381920E+05
  -0.923857882E+00  -0.730585986E+01   0.650783597E+03  -0.315932115E+05
  -0.932947561E+00  -0.647436648E+01   0.608900347E+03  -0.317831607E+05
  -0.940976094E+00  -0.569819486E+01   0.567071915E+03  -0.315111238E+05
  -0.948016289E+00  -0.497687215E+01   0.525903194E+03  -0.307855365E+05
  -0.954139804E+00  -0.430913584E+01   0.485984445E+03  -0.296201168E+05
  -0.959416124E+00  -0.369295769E+01   0.447884400E+03  -0.280337373E+05
  -0.963911568E+00  -0.312557656E+01   0.412143572E+03  -0.260502407E+05
  -0.967688347E+00  -0.260353994E+01   0.379267850E+03  -0.236981982E+05
  -0.970803688E+00  -0.212275369E+01   0.349722443E+03  -0.210106127E+05
  -0.973309019E+00  -0.167853952E+01   0.323926256E+03  -0.180245710E+05
  -0.975249242E+00  -0.126569953E+01   0.302246756E+03  -0.147808463E+05
  -0.976662092E+00  -0.878587243E+00   0.284995392E+03  -0.113234547E+05
  -0.977577597E+00  -0.511184225E+00   0.272423632E+03  -0.769917153E+04
  -0.978017638E+00  -0.157181513E+00   0.264719656E+03  -0.395701043E+04
  -0.977995625E+00   0.189935034E+00   0.262005767E+03  -0.147671184E+03
  -0.977516278E+00   0.536796468E+00   0.264336540E+03   0.367703777E+04
  -0.976575537E+00   0.890060553E+00   0.271697755E+03   0.746479639E+04
  -0.975160587E+00   0.125632067E+01   0.284006117E+03   0.111633831E+05
  -0.973249998E+00   0.164201491E+01   0.301109799E+03   0.147212911E+05
  -0.970813997E+00   0.205333639E+01   0.322789791E+03   0.180883437E+05
  -0.967814843E+00   0.249614589E+01   0.348762052E+03   0.212163022E+05
  -0.964207324E+00   0.297588792E+01   0.378680470E+03   0.240594579E+05
  -0.959939358E+00   0.349751107E+01   0.412140577E+03   0.265752027E+05
  -0.954952703E+00   0.406539390E+01   0.448684002E+03   0.287245697E+05
  -0.949183746E+00   0.468327708E+01   0.487803616E+03   0.304727371E+05
  -0.942564393E+00   0.535420278E+01   0.528949314E+03   0.317894902E+05
  -0.935023025E+00   0.608046204E+01   0.571534374E+03   0.326496330E+05
  -0.926485517E+00   0.686355098E+01   0.614942327E+03   0.330333455E+05
  -0.916876316E+00   0.770413623E+01   0.658534250E+03   0.329264802E+05
  -0.906119547E+00   0.860203036E+01   0.701656423E+03   0.323207937E+05
  -0.894140157E+00   0.955617752E+01   0.743648231E+03   0.312141093E+05
  -0.880865063E+00   0.105646497E+02   0.783850247E+03   0.296104080E+05
  -0.866224298E+00   0.116246534E+02   0.821612375E+03   0.275198441E+05
  -0.850152146E+00   0.127325480E+02   0.856301969E+03   0.249586857E+05
  -0.832588241E+00   0.138838732E+02   0.887311826E+03   0.219491785E+05
  -0.813478625E+00   0.150733884E+02   0.914067940E+03   0.185193338E+05
  -0.792776747E+00   0.162951213E+02   0.936036939E+03   0.147026418E+05
  -0.770444393E+00   0.175424260E+02   0.952733081E+03   0.105377136E+05
  -0.746452529E+00   0.188080506E+02   0.963724748E+03   0.606785360E+04
  -0.720782053E+00   0.200842123E+02   0.968640317E+03   0.134056881E+04
  -0.693424444E+00   0.213626803E+02   0.967173357E+03  -0.359298143E+04
  -0.664382292E+00   0.226348646E+02   0.959087052E+03  -0.867858778E+04
  -0.633669713E+00   0.238919108E+02   0.944217810E+03  -0.138596390E+05
  -0.601312633E+00   0.251247982E+02   0.922477983E+03  -0.190778076E+05
  -0.567348939E+00   0.263244418E+02   0.893857661E+03  -0.242737651E+05
  -0.531828499E+00   0.274817950E+02   0.858425513E+03  -0.293879173E+05
  -0.494813040E+00   0.285879540E+02   0.816328645E+03  -0.343611504E+05
  -0.456375890E+00   0.296342604E+02   0.767791469E+03  -0.391355791E+05
  -0.416601593E+00   0.306124017E+02   0.713113598E+03  -0.436552845E+05
  -0.375585383E+00   0.315145092E+02   0.652666767E+03  -0.478670350E+05
  -0.333432538E+00   0.323332502E+02   0.586890827E+03  -0.517209775E+05
  -0.290257612E+00   0.330619151E+02   0.516288849E+03  -0.551712908E+05
  -0.246183563E+00   0.336944970E+02   0.441421397E+03  -0.581767923E+05
  -0.201340775E+00   0.342257634E+02   0.362900031E+03  -0.607014874E+05
  -0.155865993E+00   0.346513188E+02   0.281380135E+03  -0.627150560E+05
  -0.109901181E+00   0.349676578E+02   0.197553141E+03  -0.641932667E+05
  -0.635923216E-01   0.351722068E+02   0.112138258E+03  -0.651183142E+05
  -0.170881612E-01   0.352633553E+02   0.258738181E+02  -0.654790723E+05
   0.294610752E-01   0.352404753E+02  -0.604916666E+02  -0.652712610E+05
   0.759049863E-01   0.351039285E+02  -0.146208599E+03  -0.644975222E+05
   0.122094300E+00   0.348550620E+02  -0.230535433E+03  -0.631674033E+05
   0.167882164E+00   0.344961913E+02  -0.312747732E+03  -0.612972481E+05
   0.213125408E+00   0.340305724E+02  -0.392147013E+03  -0.589099962E+05
   0.257685757E+00   0.334623612E+02  -0.468069277E+03  -0.560348915E+05
   0.301430993E+00   0.327965632E+02  -0.539893086E+03  -0.527071052E+05
   0.344236029E+00   0.320389717E+02  -0.607047098E+03  -0.489672765E+05
   0.385983910E+00   0.311960976E+02  -0.669016939E+03  -0.448609777E+05
   0.426566706E+00   0.302750897E+02  -0.725351321E+03  -0.404381105E+05
   0.465886298E+00   0.292836481E+02  -0.775667329E+03  -0.357522417E+05
   0.503855046E+00   0.282299307E+02  -0.819654791E+03  -0.308598872E+05
   0.540396325E+00   0.271224548E+02  -0.857079673E+03  -0.258197551E+05
   0.575444937E+00   0.259699953E+02  -0.887786459E+03  -0.206919565E+05
   0.608947380E+00   0.247814795E+02  -0.911699466E+03  -0.155371976E+05
   0.640861981E+00   0.235658821E+02  -0.928823098E+03  -0.104159630E+05
   0.671158885E+00   0.223321191E+02  -0.939241008E+03  -0.538770148E+04
   0.699819914E+00   0.210889449E+02  -0.943114206E+03  -0.510028080E+03
   0.726838283E+00   0.198448521E+02  -0.940678122E+03   0.416204857E+04
   0.752218193E+00   0.186079752E+02  -0.932238680E+03   0.857686062E+04
   0.775974298E+00   0.173860009E+02  -0.918167423E+03   0.126867672E+05
   0.798131058E+00   0.161860854E+02  -0.898895780E+03   0.164487823E+05
   0.818721987E+00   0.150147794E+02  -0.874908542E+03   0.198251352E+05
   0.837788810E+00   0.138779622E+02  -0.846736648E+03   0.227837546E+05
   0.855380540E+00   0.127807860E+02  -0.814949388E+03   0.252986712E+05
   0.871552487E+00   0.117276307E+02  -0.780146129E+03   0.273503301E+05
   0.886365212E+00   0.107220700E+02  -0.742947692E+03   0.289258112E+05
   0.899883448E+00   0.976684860E+01  -0.703987502E+03   0.300189526E+05
   0.912175001E+00   0.886387155E+01  -0.663902639E+03   0.306303764E+05
   0.923309634E+00   0.801420547E+01  -0.623324916E+03   0.307674158E+05
   0.933357974E+00   0.721809121E+01  -0.582872127E+03   0.304439459E+05
   0.942390430E+00   0.647496798E+01  -0.543139568E+03   0.296801199E+05
   0.950476163E+00   0.578350844E+01  -0.504691979E+03   0.285020154E+05
   0.957682101E+00   0.514166409E+01  -0.468055997E+03   0.269411967E+05
   0.964072018E+00   0.454672017E+01  -0.433713252E+03   0.250341989E+05
   0.969705702E+00   0.399535929E+01  -0.402094178E+03   0.228219434E+05
   0.974638202E+00   0.348373262E+01  -0.373572647E+03   0.203490921E+05
   0.978919176E+00   0.300753761E+01  -0.348461481E+03   0.176633521E+05
   0.982592351E+00   0.256210107E+01  -0.327008917E+03   0.148147399E+05
   0.985695085E+00   0.214246619E+01  -0.309396060E+03   0.118548184E+05
   0.988258056E+00   0.174348227E+01  -0.295735350E+03   0.883591609E+04
   0.990305065E+00   0.135989584E+01  -0.286070078E+03   0.581034271E+04
   0.991852960E+00   0.986441691E+00  -0.280374917E+03   0.282961178E+04
   0.992911678E+00   0.617932524E+00  -0.278557484E+03  -0.563175615E+02
   0.993484410E+00   0.249345925E+00  -0.280460869E+03  -0.279976801E+04
   0.993567870E+00  -0.124092653E+00  -0.285867110E+03  -0.535603006E+04
   0.993152678E+00  -0.506832063E+00  -0.294501533E+03  -0.768399607E+04
   0.992223832E+00  -0.902923911E+00  -0.306037895E+03  -0.974673328E+04
   0.990761282E+00  -0.131595827E+01  -0.320104232E+03  -0.115119874E+05
   0.988740575E+00  -0.174900752E+01  -0.336289330E+03  -0.129526094E+05
   0.986133570E+00  -0.220457909E+01  -0.354149698E+03  -0.140469001E+05
   0.982909208E+00  -0.268457771E+01  -0.373216942E+03  -0.147788675E+05
   0.979034331E+00  -0.319027750E+01  -0.393005423E+03  -0.151383935E+05
   0.974474527E+00  -0.372230441E+01  -0.413020067E+03  -0.151213093E+05
   0.969194987E+00  -0.428062893E+01  -0.432764219E+03  -0.147293786E+05
   0.963161374E+00  -0.486456913E+01  -0.451747414E+03  -0.139701889E+05
   0.956340675E+00  -0.547280389E+01  -0.469492946E+03  -0.128569562E+05
   0.948702032E+00  -0.610339586E+01  -0.485545119E+03  -0.114082442E+05
   0.940217532E+00  -0.675382379E+01  -0.499476079E+03  -0.964760512E+04
   0.930862954E+00  -0.742102346E+01  -0.510892125E+03  -0.760314895E+04
   0.920618456E+00  -0.810143666E+01  -0.519439403E+03  -0.530704733E+04
   0.909469186E+00  -0.879106713E+01  -0.524808908E+03  -0.279498216E+04
   0.897405825E+00  -0.948554267E+01  -0.526740733E+03  -0.105547594E+03
   0.884425037E+00  -0.101801823E+02  -0.525027491E+03   0.272038423E+04
   0.870529829E+00  -0.108700675E+02  -0.519516895E+03   0.564032322E+04
   0.855729818E+00  -0.115501158E+02  -0.510113447E+03   0.861083630E+04
   0.840041398E+00  -0.122151569E+02  -0.496779233E+03   0.115882264E+05
   0.823487803E+00  -0.128600084E+02  -0.479533830E+03   0.145292043E+05
   0.806099077E+00  -0.134795511E+02  -0.458453331E+03   0.173915435E+05
   0.787911936E+00  -0.140688027E+02  -0.433668523E+03   0.201347067E+05
   0.768969549E+00  -0.146229882E+02  -0.405362267E+03   0.227204358E+05
   0.749321209E+00  -0.151376065E+02  -0.373766124E+03   0.251132948E+05
   0.729021941E+00  -0.156084923E+02  -0.339156297E+03   0.272811597E+05
   0.708132013E+00  -0.160318717E+02  -0.301848974E+03   0.291956468E+05
   0.686716391E+00  -0.164044119E+02  -0.262195138E+03   0.308324741E+05
   0.664844123E+00  -0.167232632E+02  -0.220574960E+03   0.321717516E+05
   0.642587684E+00  -0.169860939E+02  -0.177391842E+03   0.331981967E+05
   0.620022269E+00  -0.171911167E+02  -0.133066244E+03   0.339012725E+05
   0.597225060E+00  -0.173371072E+02  -0.880293613E+02   0.342752489E+05
   0.574274482E+00  -0.174234137E+02  -0.427167890E+02   0.343191859E+05
   0.551249437E+00  -0.174499593E+02   0.243775414E+01   0.340368427E+05
   0.528228556E+00  -0.174172346E+02   0.470085267E+02   0.334365133E+05
   0.505289453E+00  -0.173262841E+02   0.905836062E+02   0.325307952E+05
   0.482508009E+00  -0.171786837E+02   0.132770382E+03   0.313362948E+05
   0.459957690E+00  -0.169765123E+02   0.173200621E+03   0.298732763E+05
   0.437708905E+00  -0.167223159E+02   0.211535039E+03   0.281652611E+05
   0.415828416E+00  -0.164190674E+02   0.247467311E+03   0.262385861E+05
   0.394378803E+00  -0.160701201E+02   0.280727477E+03   0.241219270E+05
   0.373417995E+00  -0.156791585E+02   0.311084704E+03   0.218457988E+05
   0.352998868E+00  -0.152501445E+02   0.338349372E+03   0.194420388E+05
   0.333168916E+00  -0.147872624E+02   0.362374474E+03   0.169432837E+05
   0.313969993E+00  -0.142948621E+02   0.383056329E+03   0.143824480E+05
   0.295438131E+00  -0.137774016E+02   0.400334608E+03   0.117922138E+05
   0.277603441E+00  -0.132393902E+02   0.414191703E+03   0.920453904E+04
   0.260490074E+00  -0.126853332E+02   0.424651455E+03   0.665019239E+04
   0.244116267E+00  -0.121196777E+02   0.431777303E+03   0.415832231E+04
   0.228494454E+00  -0.115467624E+02   0.435669877E+03   0.175606598E+04
   0.213631438E+00  -0.109707701E+02   0.436464109E+03  -0.531796168E+03
   0.199528626E+00  -0.103956848E+02   0.434325927E+03  -0.268313569E+04
   0.186182322E+00  -0.982525274E+01   0.429448582E+03  -0.467871779E+04
   0.173584057E+00  -0.926294937E+01   0.422048703E+03  -0.650238671E+04
   0.161720968E+00  -0.871195091E+01   0.412362140E+03  -0.814119358E+04
   0.150576213E+00  -0.817511193E+01   0.400639679E+03  -0.958546623E+04
   0.140129399E+00  -0.765494846E+01   0.387142704E+03  -0.108288216E+05
   0.130357044E+00  -0.715362684E+01   0.372138870E+03  -0.118681227E+05
   0.121233040E+00  -0.667295829E+01   0.355897886E+03  -0.127033822E+05
   0.112729124E+00  -0.621439886E+01   0.338687441E+03  -0.133376165E+05
   0.104815339E+00  -0.577905469E+01   0.320769360E+03  -0.137766549E+05
   0.974604963E-01  -0.536769211E+01   0.302396044E+03  -0.140289078E+05
   0.906326120E-01  -0.498075229E+01   0.283807232E+03  -0.141051011E+05
   0.842993233E-01  -0.461836987E+01   0.265227135E+03  -0.140179804E+05
   0.784282804E-01  -0.428039513E+01   0.246861979E+03  -0.137819946E+05
   0.729875052E-01  -0.396641909E+01   0.228897974E+03  -0.134129622E+05
   0.679457155E-01  -0.367580111E+01   0.211499732E+03  -0.129277294E+05
   0.632726119E-01  -0.340769810E+01   0.194809139E+03  -0.123438251E+05
   0.589391246E-01  -0.316109508E+01   0.178944674E+03  -0.116791201E+05
   0.549176202E-01  -0.293483628E+01   0.164001185E+03  -0.109514963E+05
   0.511820670E-01  -0.272765619E+01   0.150050079E+03  -0.101785316E+05
   0.477081591E-01  -0.253821024E+01   0.137139924E+03  -0.937720571E+04
   0.444734018E-01  -0.236510429E+01   0.125297414E+03  -0.856363226E+04
   0.414571578E-01  -0.220692269E+01   0.114528678E+03  -0.775281988E+04
   0.386406585E-01  -0.206225442E+01   0.104820874E+03  -0.695846680E+04
   0.360069817E-01  -0.192971693E+01   0.961440385E+02  -0.619279093E+04
   0.335409995E-01  -0.180797741E+01   0.884531318E+02  -0.546639720E+04
   0.312293004E-01  -0.169577125E+01   0.816902316E+02  -0.478818326E+04
   0.290600888E-01  -0.159191756E+01   0.757868301E+02  -0.416528362E+04
   0.270230654E-01  -0.149533159E+01   0.706661768E+02  -0.360305168E+04
   0.251092946E-01  -0.140503404E+01   0.662456211E+02  -0.310507827E+04
   0.233110599E-01  -0.132015736E+01   0.624389086E+02  -0.267324471E+04
   0.216217147E-01  -0.123994904E+01   0.591583843E+02  -0.230780771E+04
   0.200355293E-01  -0.116377202E+01   0.563170657E+02  -0.200751306E+04
   0.185475398E-01  -0.109110262E+01   0.538305483E+02  -0.176973418E+04
   0.171534012E-01  -0.102152587E+01   0.516187142E+02  -0.159063180E+04
   0.158492483E-01  -0.954728963E+00   0.496072177E+02  -0.146533022E+04
   0.146315657E-01  -0.890492688E+00   0.477287308E+02  -0.138810578E+04
   0.134970711E-01  -0.828681541E+00   0.459239335E+02  -0.135258293E+04
   0.124426121E-01  -0.769232622E+00   0.441422431E+02  -0.135193323E+04
   0.114650775E-01  -0.712143770E+00   0.423422810E+02  -0.137907300E+04
   0.105613259E-01  -0.657461241E+00   0.404920828E+02  -0.142685523E+04
   0.972812977E-02  -0.605267285E+00   0.385690596E+02  -0.148825178E+04
   0.896213577E-02  -0.555667918E+00   0.365597282E+02  -0.155652232E+04
   0.825984154E-02  -0.508781201E+00   0.344592288E+02  -0.162536684E+04
   0.761758698E-02  -0.464726275E+00   0.322706532E+02  -0.168905889E+04
   0.703155951E-02  -0.423613407E+00   0.300042112E+02  -0.174255759E+04
   0.649781176E-02  -0.385535209E+00   0.276762647E+02  -0.178159664E+04
   0.601228993E-02  -0.350559216E+00   0.253082589E+02  -0.180274929E+04
   0.557087095E-02  -0.318721922E+00   0.229255851E+02  -0.180346899E+04
   0.516940660E-02  -0.290024341E+00   0.205564052E+02  -0.178210557E+04
   0.480377242E-02  -0.264429133E+00   0.182304704E+02  -0.173789790E+04
   0.446991937E-02  -0.241859270E+00   0.159779653E+02  -0.167094399E+04
   0.416392627E-02  -0.222198205E+00   0.138284048E+02  -0.158215037E+04
   0.388205110E-02  -0.205291434E+00   0.118096104E+02  -0.147316273E+04
   0.362077936E-02  -0.190949359E+00   0.994678968E+01  -0.134628041E+04
   0.337686785E-02  -0.178951275E+00   0.826173712E+01  -0.120435738E+04
   0.314738259E-02  -0.169050331E+00   0.677217325E+01  -0.105069281E+04
   0.292972962E-02  -0.160979262E+00   0.549123340E+01  -0.888914279E+03
   0.272167780E-02  -0.154456692E+00   0.442711366E+01  -0.722856941E+03
   0.252137314E-02  -0.149193802E+00   0.358287726E+01  -0.556441796E+03
   0.232734407E-02  -0.144901144E+00   0.295642053E+01  -0.393556222E+03
   0.213849781E-02  -0.141295398E+00   0.254059342E+01  -0.237939766E+03
   0.195410796E-02  -0.138105877E+00   0.232346572E+01  -0.930779512E+02
   0.177379376E-02  -0.135080585E+00   0.228872692E+01   0.378934032E+02
   0.159749173E-02  -0.131991668E+00   0.241620406E+01   0.152271188E+03
   0.142542062E-02  -0.128640121E+00   0.268247995E+01   0.247853551E+03
   0.125804070E-02  -0.124859609E+00   0.306159144E+01   0.322992602E+03
   0.109600862E-02  -0.120519341E+00   0.352578634E+01   0.376630343E+03
   0.940129151E-03  -0.115525908E+00   0.404631634E+01   0.408317307E+03
   0.791305219E-03  -0.109824064E+00   0.459424311E+01   0.418213872E+03
   0.650487583E-03  -0.103396452E+00   0.514123489E+01   0.407074624E+03
   0.518625571E-03  -0.962622947E-01   0.566033166E+01   0.376216600E+03
   0.396620204E-03  -0.884751007E-01   0.612665835E+01   0.327472595E+03
   0.285280932E-03  -0.801194843E-01   0.651806751E+01   0.263131109E+03
   0.185287127E-03  -0.713071854E-01   0.681569475E+01   0.185864810E+03
   0.971552676E-04  -0.621724242E-01   0.700441345E+01   0.986496286E+02
   0.212126308E-04  -0.528667273E-01   0.707317766E+01   0.467684253E+01
  -0.424219271E-04  -0.435533803E-01   0.701524575E+01  -0.927393932E+02
  -0.938497041E-04  -0.344016655E-01   0.682828033E+01  -0.190256504E+03
  -0.133396229E-03  -0.255810506E-01   0.651432360E+01  -0.284597383E+03
  -0.161607726E-03  -0.172554907E-01   0.607965052E+01  -0.372641196E+03
  -0.179240213E-03  -0.957800198E-02   0.553450545E+01  -0.451508699E+03
  -0.187241708E-03  -0.268565561E-02   0.489273104E+01  -0.518639861E+03
  -0.186728169E-03   0.330487415E-02   0.417130084E+01  -0.571861778E+03
  -0.178953997E-03   0.830108829E-02   0.338976959E+01  -0.609445173E+03
  -0.165278046E-03   0.122376704E-01   0.256965731E+01  -0.630148068E+03
  -0.147126217E-03   0.150786466E-01   0.173378473E+01  -0.633245580E+03
  -0.125951786E-03   0.168186468E-01   0.905579012E+00  -0.618545157E+03
  -0.103194684E-03   0.174832402E-01   0.108369125E+00  -0.586386958E+03
  -0.802409417E-04   0.171283442E-01  -0.635309533E+00  -0.537629463E+03
  -0.583835107E-04   0.158387332E-01  -0.130438197E+01  -0.473620819E+03
  -0.387856292E-04   0.137256945E-01  -0.187985368E+01  -0.396156743E+03
  -0.224477994E-04   0.109239073E-01  -0.234536685E+01  -0.307426209E+03
  -0.101793506E-04   0.758763734E-02  -0.268767774E+01  -0.209946422E+03
  -0.257541468E-05   0.388636061E-02  -0.289704200E+01  -0.106488875E+03
   0.137755084E-10  -0.544519656E-07  -0.296749767E+01   0.148726724E-02
1 0.0d0 0.0d0 0.0d0
0.0d0 0.0d0 0.0d0 0.0d0
